1,1,0.00,474.00,43.00,49.00,-1,-1,-1,-1
1,2,99.00,451.00,83.00,44.00,-1,-1,-1,-1
1,3,0.00,562.00,190.00,80.00,-1,-1,-1,-1
1,4,0.00,550.00,64.00,52.00,-1,-1,-1,-1
1,5,36.00,530.00,103.00,52.00,-1,-1,-1,-1
9,1,0.00,474.00,43.00,49.00,-1,-1,-1,-1
9,2,99.00,450.00,83.00,45.00,-1,-1,-1,-1
9,3,0.00,562.00,190.00,80.00,-1,-1,-1,-1
9,4,0.00,550.00,64.00,52.00,-1,-1,-1,-1
9,5,36.00,530.00,103.00,52.00,-1,-1,-1,-1
17,1,0.00,474.00,43.00,49.00,-1,-1,-1,-1
17,2,99.00,450.00,83.00,45.00,-1,-1,-1,-1
17,3,0.00,562.00,190.00,80.00,-1,-1,-1,-1
17,4,0.00,550.00,64.00,52.00,-1,-1,-1,-1
17,5,36.00,530.00,103.00,52.00,-1,-1,-1,-1
25,1,0.00,474.00,43.00,49.00,-1,-1,-1,-1
25,2,99.00,450.00,83.00,45.00,-1,-1,-1,-1
25,3,0.00,562.00,190.00,80.00,-1,-1,-1,-1
25,4,0.00,550.00,64.00,52.00,-1,-1,-1,-1
25,5,36.00,530.00,103.00,52.00,-1,-1,-1,-1
33,1,0.00,474.00,43.00,49.00,-1,-1,-1,-1
33,2,99.00,450.00,83.00,45.00,-1,-1,-1,-1
33,3,0.00,562.00,190.00,80.00,-1,-1,-1,-1
33,4,0.00,550.00,64.00,52.00,-1,-1,-1,-1
33,5,36.00,530.00,103.00,52.00,-1,-1,-1,-1
41,1,0.00,474.00,43.00,49.00,-1,-1,-1,-1
41,2,99.00,450.00,83.00,45.00,-1,-1,-1,-1
41,3,0.00,562.00,190.00,80.00,-1,-1,-1,-1
41,4,0.00,550.00,64.00,52.00,-1,-1,-1,-1
41,5,36.00,530.00,103.00,52.00,-1,-1,-1,-1
49,1,0.00,474.00,43.00,49.00,-1,-1,-1,-1
49,2,99.00,450.00,83.00,45.00,-1,-1,-1,-1
49,3,0.00,562.00,190.00,80.00,-1,-1,-1,-1
49,4,0.00,550.00,64.00,52.00,-1,-1,-1,-1
49,5,36.00,530.00,103.00,52.00,-1,-1,-1,-1
57,1,0.00,474.00,43.00,49.00,-1,-1,-1,-1
57,2,99.00,450.00,83.00,45.00,-1,-1,-1,-1
57,3,0.00,562.00,190.00,80.00,-1,-1,-1,-1
57,4,0.00,550.00,64.00,52.00,-1,-1,-1,-1
57,5,36.00,530.00,103.00,52.00,-1,-1,-1,-1
65,1,0.00,474.00,43.00,49.00,-1,-1,-1,-1
65,2,99.00,450.00,83.00,45.00,-1,-1,-1,-1
65,3,0.00,562.00,190.00,80.00,-1,-1,-1,-1
65,4,0.00,550.00,64.00,52.00,-1,-1,-1,-1
65,5,36.00,530.00,103.00,52.00,-1,-1,-1,-1
73,1,0.00,474.00,43.00,49.00,-1,-1,-1,-1
73,2,99.00,450.00,83.00,45.00,-1,-1,-1,-1
73,3,0.00,562.00,190.00,80.00,-1,-1,-1,-1
73,4,0.00,550.00,64.00,52.00,-1,-1,-1,-1
73,5,36.00,530.00,103.00,52.00,-1,-1,-1,-1
81,1,0.00,474.00,43.00,49.00,-1,-1,-1,-1
81,2,99.00,450.00,83.00,45.00,-1,-1,-1,-1
81,3,0.00,562.00,190.00,80.00,-1,-1,-1,-1
81,4,0.00,550.00,64.00,52.00,-1,-1,-1,-1
81,5,36.00,530.00,103.00,52.00,-1,-1,-1,-1
89,1,0.00,474.00,43.00,49.00,-1,-1,-1,-1
89,2,99.00,450.00,83.00,45.00,-1,-1,-1,-1
89,3,0.00,562.00,190.00,80.00,-1,-1,-1,-1
89,4,0.00,550.00,64.00,52.00,-1,-1,-1,-1
89,5,36.00,530.00,103.00,52.00,-1,-1,-1,-1
97,1,0.00,474.00,43.00,49.00,-1,-1,-1,-1
97,2,99.00,450.00,83.00,45.00,-1,-1,-1,-1
97,3,0.00,562.00,190.00,80.00,-1,-1,-1,-1
97,4,0.00,550.00,64.00,52.00,-1,-1,-1,-1
97,5,36.00,530.00,103.00,52.00,-1,-1,-1,-1
105,1,0.00,474.00,43.00,49.00,-1,-1,-1,-1
105,2,99.00,450.00,83.00,45.00,-1,-1,-1,-1
105,3,0.00,562.00,190.00,80.00,-1,-1,-1,-1
105,4,0.00,550.00,64.00,52.00,-1,-1,-1,-1
105,5,36.00,530.00,103.00,52.00,-1,-1,-1,-1
113,1,0.00,474.00,43.00,49.00,-1,-1,-1,-1
113,2,99.00,450.00,83.00,45.00,-1,-1,-1,-1
113,3,0.00,562.00,190.00,80.00,-1,-1,-1,-1
113,4,0.00,550.00,64.00,52.00,-1,-1,-1,-1
113,5,36.00,530.00,103.00,52.00,-1,-1,-1,-1
121,1,0.00,474.00,43.00,49.00,-1,-1,-1,-1
121,2,99.00,450.00,83.00,45.00,-1,-1,-1,-1
121,3,0.00,562.00,190.00,80.00,-1,-1,-1,-1
121,4,0.00,550.00,64.00,52.00,-1,-1,-1,-1
121,5,36.00,530.00,103.00,52.00,-1,-1,-1,-1
129,1,0.00,474.00,43.00,49.00,-1,-1,-1,-1
129,2,99.00,450.00,83.00,45.00,-1,-1,-1,-1
129,3,0.00,562.00,190.00,80.00,-1,-1,-1,-1
129,4,0.00,550.00,64.00,52.00,-1,-1,-1,-1
129,5,36.00,530.00,103.00,52.00,-1,-1,-1,-1
137,1,0.00,474.00,43.00,49.00,-1,-1,-1,-1
137,2,99.00,450.00,83.00,45.00,-1,-1,-1,-1
137,3,0.00,562.00,190.00,80.00,-1,-1,-1,-1
137,4,0.00,550.00,64.00,52.00,-1,-1,-1,-1
137,5,36.00,530.00,103.00,52.00,-1,-1,-1,-1
145,1,0.00,474.00,43.00,49.00,-1,-1,-1,-1
145,2,99.00,450.00,83.00,45.00,-1,-1,-1,-1
145,3,0.00,562.00,190.00,80.00,-1,-1,-1,-1
145,4,0.00,550.00,64.00,52.00,-1,-1,-1,-1
145,5,36.00,530.00,103.00,52.00,-1,-1,-1,-1
153,1,0.00,474.00,43.00,49.00,-1,-1,-1,-1
153,2,99.00,450.00,83.00,45.00,-1,-1,-1,-1
153,3,0.00,562.00,190.00,80.00,-1,-1,-1,-1
153,4,0.00,550.00,64.00,52.00,-1,-1,-1,-1
153,5,36.00,530.00,103.00,52.00,-1,-1,-1,-1
161,1,0.00,474.00,43.00,49.00,-1,-1,-1,-1
161,2,99.00,450.00,83.00,45.00,-1,-1,-1,-1
161,3,0.00,562.00,190.00,80.00,-1,-1,-1,-1
161,4,0.00,550.00,64.00,52.00,-1,-1,-1,-1
161,5,36.00,530.00,103.00,52.00,-1,-1,-1,-1
169,1,0.00,474.00,43.00,49.00,-1,-1,-1,-1
169,2,99.00,450.00,83.00,45.00,-1,-1,-1,-1
169,3,0.00,562.00,190.00,80.00,-1,-1,-1,-1
169,4,0.00,550.00,64.00,52.00,-1,-1,-1,-1
169,5,36.00,530.00,103.00,52.00,-1,-1,-1,-1
177,1,0.00,474.00,43.00,49.00,-1,-1,-1,-1
177,2,99.00,450.00,83.00,45.00,-1,-1,-1,-1
177,3,0.00,562.00,190.00,80.00,-1,-1,-1,-1
177,4,0.00,550.00,64.00,52.00,-1,-1,-1,-1
177,5,36.00,530.00,103.00,52.00,-1,-1,-1,-1
185,1,0.00,474.00,43.00,49.00,-1,-1,-1,-1
185,2,99.00,450.00,83.00,45.00,-1,-1,-1,-1
185,3,0.00,562.00,190.00,80.00,-1,-1,-1,-1
185,4,0.00,550.00,64.00,52.00,-1,-1,-1,-1
185,5,36.00,530.00,103.00,52.00,-1,-1,-1,-1
193,1,0.00,474.00,43.00,49.00,-1,-1,-1,-1
193,2,99.00,450.00,83.00,45.00,-1,-1,-1,-1
193,3,0.00,562.00,190.00,80.00,-1,-1,-1,-1
193,4,0.00,550.00,64.00,52.00,-1,-1,-1,-1
193,5,36.00,530.00,103.00,52.00,-1,-1,-1,-1
201,1,0.00,474.00,43.00,49.00,-1,-1,-1,-1
201,2,99.00,450.00,83.00,45.00,-1,-1,-1,-1
201,3,0.00,562.00,190.00,80.00,-1,-1,-1,-1
201,4,0.00,550.00,64.00,52.00,-1,-1,-1,-1
201,5,36.00,530.00,103.00,52.00,-1,-1,-1,-1
209,1,0.00,474.00,43.00,49.00,-1,-1,-1,-1
209,2,99.00,450.00,83.00,45.00,-1,-1,-1,-1
209,3,0.00,562.00,190.00,80.00,-1,-1,-1,-1
209,4,0.00,550.00,64.00,52.00,-1,-1,-1,-1
209,5,36.00,530.00,103.00,52.00,-1,-1,-1,-1
217,1,0.00,474.00,43.00,49.00,-1,-1,-1,-1
217,2,99.00,450.00,83.00,45.00,-1,-1,-1,-1
217,3,0.00,562.00,190.00,80.00,-1,-1,-1,-1
217,4,0.00,550.00,64.00,52.00,-1,-1,-1,-1
217,5,36.00,530.00,103.00,52.00,-1,-1,-1,-1
225,1,0.00,474.00,43.00,49.00,-1,-1,-1,-1
225,2,99.00,450.00,83.00,45.00,-1,-1,-1,-1
225,3,0.00,562.00,190.00,80.00,-1,-1,-1,-1
225,4,0.00,550.00,64.00,52.00,-1,-1,-1,-1
225,5,36.00,530.00,103.00,52.00,-1,-1,-1,-1
233,1,0.00,474.00,43.00,49.00,-1,-1,-1,-1
233,2,99.00,450.00,83.00,45.00,-1,-1,-1,-1
233,3,0.00,562.00,190.00,80.00,-1,-1,-1,-1
233,4,0.00,550.00,64.00,52.00,-1,-1,-1,-1
233,5,36.00,530.00,103.00,52.00,-1,-1,-1,-1
241,1,0.00,474.00,43.00,49.00,-1,-1,-1,-1
241,2,99.00,450.00,83.00,45.00,-1,-1,-1,-1
241,3,0.00,562.00,190.00,80.00,-1,-1,-1,-1
241,4,0.00,550.00,64.00,52.00,-1,-1,-1,-1
241,5,36.00,530.00,103.00,52.00,-1,-1,-1,-1
249,1,0.00,474.00,43.00,49.00,-1,-1,-1,-1
249,2,99.00,450.00,83.00,45.00,-1,-1,-1,-1
249,3,0.00,562.00,190.00,80.00,-1,-1,-1,-1
249,4,0.00,550.00,64.00,52.00,-1,-1,-1,-1
249,5,36.00,530.00,103.00,52.00,-1,-1,-1,-1
257,1,0.00,474.00,43.00,49.00,-1,-1,-1,-1
257,2,99.00,450.00,83.00,45.00,-1,-1,-1,-1
257,3,0.00,562.00,190.00,80.00,-1,-1,-1,-1
257,4,0.00,550.00,64.00,52.00,-1,-1,-1,-1
257,5,36.00,530.00,103.00,52.00,-1,-1,-1,-1
265,1,0.00,474.00,43.00,49.00,-1,-1,-1,-1
265,2,99.00,450.00,83.00,45.00,-1,-1,-1,-1
265,3,0.00,562.00,190.00,80.00,-1,-1,-1,-1
265,4,0.00,550.00,64.00,52.00,-1,-1,-1,-1
265,5,36.00,530.00,103.00,52.00,-1,-1,-1,-1
273,1,0.00,474.00,43.00,49.00,-1,-1,-1,-1
273,2,99.00,450.00,83.00,45.00,-1,-1,-1,-1
273,3,0.00,562.00,190.00,80.00,-1,-1,-1,-1
273,4,0.00,550.00,64.00,52.00,-1,-1,-1,-1
273,5,36.00,530.00,103.00,52.00,-1,-1,-1,-1
281,1,0.00,474.00,43.00,49.00,-1,-1,-1,-1
281,2,99.00,450.00,83.00,45.00,-1,-1,-1,-1
281,3,0.00,562.00,190.00,80.00,-1,-1,-1,-1
281,4,0.00,550.00,64.00,52.00,-1,-1,-1,-1
281,5,36.00,530.00,103.00,52.00,-1,-1,-1,-1
289,1,0.00,474.00,43.00,49.00,-1,-1,-1,-1
289,2,99.00,450.00,83.00,45.00,-1,-1,-1,-1
289,3,0.00,562.00,190.00,80.00,-1,-1,-1,-1
289,4,0.00,550.00,64.00,52.00,-1,-1,-1,-1
289,5,36.00,530.00,103.00,52.00,-1,-1,-1,-1
297,1,0.00,474.00,43.00,49.00,-1,-1,-1,-1
297,2,99.00,450.00,83.00,45.00,-1,-1,-1,-1
297,3,0.00,562.00,190.00,80.00,-1,-1,-1,-1
297,4,0.00,550.00,64.00,52.00,-1,-1,-1,-1
297,5,36.00,530.00,103.00,52.00,-1,-1,-1,-1
305,1,0.00,474.00,43.00,49.00,-1,-1,-1,-1
305,2,99.00,450.00,83.00,45.00,-1,-1,-1,-1
305,3,0.00,562.00,190.00,80.00,-1,-1,-1,-1
305,4,0.00,550.00,64.00,52.00,-1,-1,-1,-1
305,5,36.00,530.00,103.00,52.00,-1,-1,-1,-1
313,1,0.00,474.00,43.00,49.00,-1,-1,-1,-1
313,2,99.00,450.00,83.00,45.00,-1,-1,-1,-1
313,3,0.00,562.00,190.00,80.00,-1,-1,-1,-1
313,4,0.00,550.00,64.00,52.00,-1,-1,-1,-1
313,5,36.00,530.00,103.00,52.00,-1,-1,-1,-1
321,1,0.00,474.00,43.00,49.00,-1,-1,-1,-1
321,2,99.00,450.00,83.00,45.00,-1,-1,-1,-1
321,3,0.00,562.00,190.00,80.00,-1,-1,-1,-1
321,4,0.00,550.00,64.00,52.00,-1,-1,-1,-1
321,5,36.00,530.00,103.00,52.00,-1,-1,-1,-1
329,1,0.00,474.00,43.00,49.00,-1,-1,-1,-1
329,2,99.00,450.00,83.00,45.00,-1,-1,-1,-1
329,3,0.00,562.00,190.00,80.00,-1,-1,-1,-1
329,4,0.00,550.00,64.00,52.00,-1,-1,-1,-1
329,5,36.00,530.00,103.00,52.00,-1,-1,-1,-1
337,1,0.00,474.00,43.00,49.00,-1,-1,-1,-1
337,2,99.00,450.00,83.00,45.00,-1,-1,-1,-1
337,3,0.00,562.00,190.00,80.00,-1,-1,-1,-1
337,4,0.00,550.00,64.00,52.00,-1,-1,-1,-1
337,5,36.00,530.00,103.00,52.00,-1,-1,-1,-1
345,1,0.00,474.00,43.00,49.00,-1,-1,-1,-1
345,2,99.00,450.00,83.00,45.00,-1,-1,-1,-1
345,3,0.00,562.00,190.00,80.00,-1,-1,-1,-1
345,4,0.00,550.00,64.00,52.00,-1,-1,-1,-1
345,5,36.00,530.00,103.00,52.00,-1,-1,-1,-1
353,1,0.00,474.00,43.00,49.00,-1,-1,-1,-1
353,2,99.00,450.00,83.00,45.00,-1,-1,-1,-1
353,3,0.00,562.00,190.00,80.00,-1,-1,-1,-1
353,4,0.00,550.00,64.00,52.00,-1,-1,-1,-1
353,5,36.00,530.00,103.00,52.00,-1,-1,-1,-1
361,1,0.00,474.00,43.00,49.00,-1,-1,-1,-1
361,2,99.00,450.00,83.00,45.00,-1,-1,-1,-1
361,3,0.00,562.00,190.00,80.00,-1,-1,-1,-1
361,4,0.00,550.00,64.00,52.00,-1,-1,-1,-1
361,5,36.00,530.00,103.00,52.00,-1,-1,-1,-1
369,1,0.00,474.00,43.00,49.00,-1,-1,-1,-1
369,2,99.00,450.00,83.00,45.00,-1,-1,-1,-1
369,3,0.00,562.00,190.00,80.00,-1,-1,-1,-1
369,4,0.00,550.00,64.00,52.00,-1,-1,-1,-1
369,5,36.00,530.00,103.00,52.00,-1,-1,-1,-1
377,1,0.00,474.00,43.00,49.00,-1,-1,-1,-1
377,2,99.00,450.00,83.00,45.00,-1,-1,-1,-1
377,3,0.00,562.00,190.00,80.00,-1,-1,-1,-1
377,4,0.00,550.00,64.00,52.00,-1,-1,-1,-1
377,5,36.00,530.00,103.00,52.00,-1,-1,-1,-1
385,1,0.00,474.00,43.00,49.00,-1,-1,-1,-1
385,2,99.00,450.00,83.00,45.00,-1,-1,-1,-1
385,3,0.00,562.00,190.00,80.00,-1,-1,-1,-1
385,4,0.00,550.00,64.00,52.00,-1,-1,-1,-1
385,5,36.00,530.00,103.00,52.00,-1,-1,-1,-1
385,1006,241.00,331.00,18.00,17.00,-1,-1,-1,-1
393,1,0.00,474.00,43.00,49.00,-1,-1,-1,-1
393,2,99.00,450.00,83.00,45.00,-1,-1,-1,-1
393,3,0.00,562.00,190.00,80.00,-1,-1,-1,-1
393,4,0.00,550.00,64.00,52.00,-1,-1,-1,-1
393,5,36.00,530.00,103.00,52.00,-1,-1,-1,-1
393,1006,237.00,333.00,16.00,17.00,-1,-1,-1,-1
401,1,0.00,474.00,43.00,49.00,-1,-1,-1,-1
401,2,99.00,450.00,83.00,45.00,-1,-1,-1,-1
401,3,0.00,562.00,190.00,80.00,-1,-1,-1,-1
401,4,0.00,550.00,64.00,52.00,-1,-1,-1,-1
401,5,36.00,530.00,103.00,52.00,-1,-1,-1,-1
401,1006,233.00,335.00,15.00,17.00,-1,-1,-1,-1
409,1,0.00,474.00,43.00,49.00,-1,-1,-1,-1
409,2,99.00,450.00,83.00,45.00,-1,-1,-1,-1
409,3,0.00,562.00,190.00,80.00,-1,-1,-1,-1
409,4,0.00,550.00,64.00,52.00,-1,-1,-1,-1
409,5,36.00,530.00,103.00,52.00,-1,-1,-1,-1
409,1006,228.00,336.00,15.00,17.00,-1,-1,-1,-1
417,1,0.00,474.00,43.00,49.00,-1,-1,-1,-1
417,2,99.00,450.00,83.00,45.00,-1,-1,-1,-1
417,3,0.00,562.00,190.00,80.00,-1,-1,-1,-1
417,4,0.00,550.00,64.00,52.00,-1,-1,-1,-1
417,5,36.00,530.00,103.00,52.00,-1,-1,-1,-1
417,1006,223.00,337.00,15.00,17.00,-1,-1,-1,-1
425,1,0.00,474.00,43.00,49.00,-1,-1,-1,-1
425,2,99.00,450.00,83.00,45.00,-1,-1,-1,-1
425,3,0.00,562.00,190.00,80.00,-1,-1,-1,-1
425,4,0.00,550.00,64.00,52.00,-1,-1,-1,-1
425,5,36.00,530.00,103.00,52.00,-1,-1,-1,-1
425,1006,218.00,337.00,15.00,17.00,-1,-1,-1,-1
433,1,0.00,474.00,43.00,49.00,-1,-1,-1,-1
433,2,99.00,450.00,83.00,45.00,-1,-1,-1,-1
433,3,0.00,562.00,190.00,80.00,-1,-1,-1,-1
433,4,0.00,550.00,64.00,52.00,-1,-1,-1,-1
433,5,36.00,530.00,103.00,52.00,-1,-1,-1,-1
433,1006,213.00,338.00,15.00,17.00,-1,-1,-1,-1
441,1,0.00,474.00,43.00,49.00,-1,-1,-1,-1
441,2,99.00,450.00,83.00,45.00,-1,-1,-1,-1
441,3,0.00,562.00,190.00,80.00,-1,-1,-1,-1
441,4,0.00,550.00,64.00,52.00,-1,-1,-1,-1
441,5,36.00,530.00,103.00,52.00,-1,-1,-1,-1
441,1006,209.00,339.00,15.00,17.00,-1,-1,-1,-1
449,1,0.00,474.00,43.00,49.00,-1,-1,-1,-1
449,2,99.00,450.00,83.00,45.00,-1,-1,-1,-1
449,3,0.00,562.00,190.00,80.00,-1,-1,-1,-1
449,4,0.00,550.00,64.00,52.00,-1,-1,-1,-1
449,5,36.00,530.00,103.00,52.00,-1,-1,-1,-1
449,1006,204.00,339.00,15.00,17.00,-1,-1,-1,-1
457,1,0.00,474.00,43.00,49.00,-1,-1,-1,-1
457,2,99.00,450.00,83.00,45.00,-1,-1,-1,-1
457,3,0.00,562.00,190.00,80.00,-1,-1,-1,-1
457,4,0.00,550.00,64.00,52.00,-1,-1,-1,-1
457,5,36.00,530.00,103.00,52.00,-1,-1,-1,-1
457,1006,199.00,339.00,16.00,17.00,-1,-1,-1,-1
465,1,0.00,474.00,43.00,49.00,-1,-1,-1,-1
465,2,99.00,450.00,83.00,45.00,-1,-1,-1,-1
465,3,0.00,562.00,190.00,80.00,-1,-1,-1,-1
465,4,0.00,550.00,64.00,52.00,-1,-1,-1,-1
465,5,36.00,530.00,103.00,52.00,-1,-1,-1,-1
465,1006,194.00,340.00,17.00,16.00,-1,-1,-1,-1
473,1,0.00,474.00,43.00,49.00,-1,-1,-1,-1
473,2,99.00,450.00,83.00,45.00,-1,-1,-1,-1
473,3,0.00,562.00,190.00,80.00,-1,-1,-1,-1
473,4,0.00,550.00,64.00,52.00,-1,-1,-1,-1
473,5,36.00,530.00,103.00,52.00,-1,-1,-1,-1
473,1006,190.00,340.00,16.00,16.00,-1,-1,-1,-1
481,1,0.00,474.00,43.00,49.00,-1,-1,-1,-1
481,2,99.00,450.00,83.00,45.00,-1,-1,-1,-1
481,3,0.00,562.00,190.00,80.00,-1,-1,-1,-1
481,4,0.00,550.00,64.00,52.00,-1,-1,-1,-1
481,5,36.00,530.00,103.00,52.00,-1,-1,-1,-1
481,1006,185.00,341.00,17.00,18.00,-1,-1,-1,-1
489,1,0.00,474.00,43.00,49.00,-1,-1,-1,-1
489,2,99.00,450.00,83.00,45.00,-1,-1,-1,-1
489,3,0.00,562.00,190.00,80.00,-1,-1,-1,-1
489,4,0.00,550.00,64.00,52.00,-1,-1,-1,-1
489,5,36.00,530.00,103.00,52.00,-1,-1,-1,-1
489,1006,180.00,341.00,16.00,27.00,-1,-1,-1,-1
497,1,0.00,474.00,43.00,49.00,-1,-1,-1,-1
497,2,99.00,450.00,83.00,45.00,-1,-1,-1,-1
497,3,0.00,562.00,190.00,80.00,-1,-1,-1,-1
497,4,0.00,550.00,64.00,52.00,-1,-1,-1,-1
497,5,36.00,530.00,103.00,52.00,-1,-1,-1,-1
497,1006,175.00,341.00,16.00,29.00,-1,-1,-1,-1
505,1,0.00,474.00,43.00,49.00,-1,-1,-1,-1
505,2,99.00,450.00,83.00,45.00,-1,-1,-1,-1
505,3,0.00,562.00,190.00,80.00,-1,-1,-1,-1
505,4,0.00,550.00,64.00,52.00,-1,-1,-1,-1
505,5,36.00,530.00,103.00,52.00,-1,-1,-1,-1
505,1006,170.00,341.00,16.00,30.00,-1,-1,-1,-1
513,1,0.00,474.00,43.00,49.00,-1,-1,-1,-1
513,2,99.00,450.00,83.00,45.00,-1,-1,-1,-1
513,3,0.00,562.00,190.00,80.00,-1,-1,-1,-1
513,4,0.00,550.00,64.00,52.00,-1,-1,-1,-1
513,5,36.00,530.00,103.00,52.00,-1,-1,-1,-1
513,1006,165.00,342.00,17.00,30.00,-1,-1,-1,-1
521,1,0.00,474.00,43.00,49.00,-1,-1,-1,-1
521,2,99.00,450.00,83.00,45.00,-1,-1,-1,-1
521,3,0.00,562.00,190.00,80.00,-1,-1,-1,-1
521,4,0.00,550.00,64.00,52.00,-1,-1,-1,-1
521,5,36.00,530.00,103.00,52.00,-1,-1,-1,-1
521,1006,159.00,343.00,17.00,30.00,-1,-1,-1,-1
529,1,0.00,474.00,43.00,49.00,-1,-1,-1,-1
529,2,99.00,450.00,83.00,45.00,-1,-1,-1,-1
529,3,0.00,562.00,190.00,80.00,-1,-1,-1,-1
529,4,0.00,550.00,64.00,52.00,-1,-1,-1,-1
529,5,36.00,530.00,103.00,52.00,-1,-1,-1,-1
529,1006,154.00,344.00,17.00,30.00,-1,-1,-1,-1
537,1,0.00,474.00,43.00,49.00,-1,-1,-1,-1
537,2,99.00,450.00,83.00,45.00,-1,-1,-1,-1
537,3,0.00,562.00,190.00,80.00,-1,-1,-1,-1
537,4,0.00,550.00,64.00,52.00,-1,-1,-1,-1
537,5,36.00,530.00,103.00,52.00,-1,-1,-1,-1
537,1006,149.00,345.00,17.00,30.00,-1,-1,-1,-1
545,1,0.00,474.00,43.00,49.00,-1,-1,-1,-1
545,2,99.00,450.00,83.00,45.00,-1,-1,-1,-1
545,3,0.00,562.00,190.00,80.00,-1,-1,-1,-1
545,4,0.00,550.00,64.00,52.00,-1,-1,-1,-1
545,5,36.00,530.00,103.00,52.00,-1,-1,-1,-1
545,1006,143.00,345.00,17.00,30.00,-1,-1,-1,-1
553,1,0.00,474.00,43.00,49.00,-1,-1,-1,-1
553,2,99.00,450.00,83.00,45.00,-1,-1,-1,-1
553,3,0.00,562.00,190.00,80.00,-1,-1,-1,-1
553,4,0.00,550.00,64.00,52.00,-1,-1,-1,-1
553,5,36.00,530.00,103.00,52.00,-1,-1,-1,-1
553,1006,140.00,346.00,15.00,30.00,-1,-1,-1,-1
561,1,0.00,474.00,43.00,49.00,-1,-1,-1,-1
561,2,99.00,450.00,83.00,45.00,-1,-1,-1,-1
561,3,0.00,562.00,190.00,80.00,-1,-1,-1,-1
561,4,0.00,550.00,64.00,52.00,-1,-1,-1,-1
561,5,36.00,530.00,103.00,52.00,-1,-1,-1,-1
561,1006,138.00,347.00,14.00,29.00,-1,-1,-1,-1
569,1,0.00,474.00,43.00,49.00,-1,-1,-1,-1
569,2,99.00,450.00,83.00,45.00,-1,-1,-1,-1
569,3,0.00,562.00,190.00,80.00,-1,-1,-1,-1
569,4,0.00,550.00,64.00,52.00,-1,-1,-1,-1
569,5,36.00,530.00,103.00,52.00,-1,-1,-1,-1
569,1006,136.00,347.00,14.00,30.00,-1,-1,-1,-1
577,1,0.00,474.00,43.00,49.00,-1,-1,-1,-1
577,2,99.00,450.00,83.00,45.00,-1,-1,-1,-1
577,3,0.00,562.00,190.00,80.00,-1,-1,-1,-1
577,4,0.00,550.00,64.00,52.00,-1,-1,-1,-1
577,5,36.00,530.00,103.00,52.00,-1,-1,-1,-1
577,1006,135.00,348.00,14.00,29.00,-1,-1,-1,-1
585,1,0.00,474.00,43.00,49.00,-1,-1,-1,-1
585,2,99.00,450.00,83.00,45.00,-1,-1,-1,-1
585,3,0.00,562.00,190.00,80.00,-1,-1,-1,-1
585,4,0.00,550.00,64.00,52.00,-1,-1,-1,-1
585,5,36.00,530.00,103.00,52.00,-1,-1,-1,-1
585,1006,133.00,348.00,15.00,30.00,-1,-1,-1,-1
593,1,0.00,474.00,43.00,49.00,-1,-1,-1,-1
593,2,99.00,450.00,83.00,45.00,-1,-1,-1,-1
593,3,0.00,562.00,190.00,80.00,-1,-1,-1,-1
593,4,0.00,550.00,64.00,52.00,-1,-1,-1,-1
593,5,36.00,530.00,103.00,52.00,-1,-1,-1,-1
593,1006,132.00,349.00,15.00,30.00,-1,-1,-1,-1
601,1,0.00,474.00,43.00,49.00,-1,-1,-1,-1
601,2,99.00,450.00,83.00,45.00,-1,-1,-1,-1
601,3,0.00,562.00,190.00,80.00,-1,-1,-1,-1
601,4,0.00,550.00,64.00,52.00,-1,-1,-1,-1
601,5,36.00,530.00,103.00,52.00,-1,-1,-1,-1
601,1006,131.00,349.00,14.00,30.00,-1,-1,-1,-1
609,1,0.00,474.00,43.00,49.00,-1,-1,-1,-1
609,2,99.00,450.00,83.00,45.00,-1,-1,-1,-1
609,3,0.00,562.00,190.00,80.00,-1,-1,-1,-1
609,4,0.00,550.00,64.00,52.00,-1,-1,-1,-1
609,5,36.00,530.00,103.00,52.00,-1,-1,-1,-1
609,1006,129.00,350.00,15.00,30.00,-1,-1,-1,-1
617,1,0.00,474.00,43.00,49.00,-1,-1,-1,-1
617,2,99.00,450.00,83.00,45.00,-1,-1,-1,-1
617,3,0.00,562.00,190.00,80.00,-1,-1,-1,-1
617,4,0.00,550.00,64.00,52.00,-1,-1,-1,-1
617,5,36.00,530.00,103.00,52.00,-1,-1,-1,-1
617,1006,128.00,350.00,15.00,31.00,-1,-1,-1,-1
625,1,0.00,474.00,43.00,49.00,-1,-1,-1,-1
625,2,99.00,450.00,83.00,45.00,-1,-1,-1,-1
625,3,0.00,562.00,190.00,80.00,-1,-1,-1,-1
625,4,0.00,550.00,64.00,52.00,-1,-1,-1,-1
625,5,36.00,530.00,103.00,52.00,-1,-1,-1,-1
625,1006,126.00,351.00,15.00,30.00,-1,-1,-1,-1
633,1,0.00,474.00,43.00,49.00,-1,-1,-1,-1
633,2,99.00,450.00,83.00,45.00,-1,-1,-1,-1
633,3,0.00,562.00,190.00,80.00,-1,-1,-1,-1
633,4,0.00,550.00,64.00,52.00,-1,-1,-1,-1
633,5,36.00,530.00,103.00,52.00,-1,-1,-1,-1
633,1006,125.00,351.00,15.00,31.00,-1,-1,-1,-1
641,1,0.00,474.00,43.00,49.00,-1,-1,-1,-1
641,2,99.00,450.00,83.00,45.00,-1,-1,-1,-1
641,3,0.00,562.00,190.00,80.00,-1,-1,-1,-1
641,4,0.00,550.00,64.00,52.00,-1,-1,-1,-1
641,5,36.00,530.00,103.00,52.00,-1,-1,-1,-1
641,1006,123.00,352.00,16.00,31.00,-1,-1,-1,-1
649,1,0.00,474.00,43.00,49.00,-1,-1,-1,-1
649,2,99.00,450.00,83.00,45.00,-1,-1,-1,-1
649,3,0.00,562.00,190.00,80.00,-1,-1,-1,-1
649,4,0.00,550.00,64.00,52.00,-1,-1,-1,-1
649,5,36.00,530.00,103.00,52.00,-1,-1,-1,-1
649,1006,122.00,353.00,16.00,31.00,-1,-1,-1,-1
657,1,0.00,474.00,43.00,49.00,-1,-1,-1,-1
657,2,99.00,450.00,83.00,45.00,-1,-1,-1,-1
657,3,0.00,562.00,190.00,80.00,-1,-1,-1,-1
657,4,0.00,550.00,64.00,52.00,-1,-1,-1,-1
657,5,36.00,530.00,103.00,52.00,-1,-1,-1,-1
657,1006,121.00,353.00,15.00,31.00,-1,-1,-1,-1
665,1,0.00,474.00,43.00,49.00,-1,-1,-1,-1
665,2,99.00,450.00,83.00,45.00,-1,-1,-1,-1
665,3,0.00,562.00,190.00,80.00,-1,-1,-1,-1
665,4,0.00,550.00,64.00,52.00,-1,-1,-1,-1
665,5,36.00,530.00,103.00,52.00,-1,-1,-1,-1
665,1006,119.00,354.00,16.00,31.00,-1,-1,-1,-1
673,1,0.00,474.00,43.00,49.00,-1,-1,-1,-1
673,2,99.00,450.00,83.00,45.00,-1,-1,-1,-1
673,3,0.00,562.00,190.00,80.00,-1,-1,-1,-1
673,4,0.00,550.00,64.00,52.00,-1,-1,-1,-1
673,5,36.00,530.00,103.00,52.00,-1,-1,-1,-1
673,1006,118.00,354.00,16.00,32.00,-1,-1,-1,-1
681,1,0.00,474.00,43.00,49.00,-1,-1,-1,-1
681,2,99.00,450.00,83.00,45.00,-1,-1,-1,-1
681,3,0.00,562.00,190.00,80.00,-1,-1,-1,-1
681,4,0.00,550.00,64.00,52.00,-1,-1,-1,-1
681,5,36.00,530.00,103.00,52.00,-1,-1,-1,-1
681,1006,116.00,355.00,16.00,31.00,-1,-1,-1,-1
689,1,0.00,474.00,43.00,49.00,-1,-1,-1,-1
689,2,99.00,450.00,83.00,45.00,-1,-1,-1,-1
689,3,0.00,562.00,190.00,80.00,-1,-1,-1,-1
689,4,0.00,550.00,64.00,52.00,-1,-1,-1,-1
689,5,36.00,530.00,103.00,52.00,-1,-1,-1,-1
689,1006,115.00,355.00,16.00,32.00,-1,-1,-1,-1
697,1,0.00,474.00,43.00,49.00,-1,-1,-1,-1
697,2,99.00,450.00,83.00,45.00,-1,-1,-1,-1
697,3,0.00,562.00,190.00,80.00,-1,-1,-1,-1
697,4,0.00,550.00,64.00,52.00,-1,-1,-1,-1
697,5,36.00,530.00,103.00,52.00,-1,-1,-1,-1
697,1006,113.00,356.00,17.00,32.00,-1,-1,-1,-1
705,1,0.00,474.00,43.00,49.00,-1,-1,-1,-1
705,2,99.00,450.00,83.00,45.00,-1,-1,-1,-1
705,3,0.00,562.00,190.00,80.00,-1,-1,-1,-1
705,4,0.00,550.00,64.00,52.00,-1,-1,-1,-1
705,5,36.00,530.00,103.00,52.00,-1,-1,-1,-1
705,1006,112.00,356.00,16.00,32.00,-1,-1,-1,-1
713,1,0.00,474.00,43.00,49.00,-1,-1,-1,-1
713,2,99.00,450.00,83.00,45.00,-1,-1,-1,-1
713,3,0.00,562.00,190.00,80.00,-1,-1,-1,-1
713,4,0.00,550.00,64.00,52.00,-1,-1,-1,-1
713,5,36.00,530.00,103.00,52.00,-1,-1,-1,-1
713,1006,111.00,357.00,16.00,32.00,-1,-1,-1,-1
721,1,0.00,474.00,43.00,49.00,-1,-1,-1,-1
721,2,99.00,450.00,83.00,45.00,-1,-1,-1,-1
721,3,0.00,562.00,190.00,80.00,-1,-1,-1,-1
721,4,0.00,550.00,64.00,52.00,-1,-1,-1,-1
721,5,36.00,530.00,103.00,52.00,-1,-1,-1,-1
721,1006,109.00,357.00,17.00,33.00,-1,-1,-1,-1
729,1,0.00,474.00,43.00,49.00,-1,-1,-1,-1
729,2,99.00,450.00,83.00,45.00,-1,-1,-1,-1
729,3,0.00,562.00,190.00,80.00,-1,-1,-1,-1
729,4,0.00,550.00,64.00,52.00,-1,-1,-1,-1
729,5,36.00,530.00,103.00,52.00,-1,-1,-1,-1
729,1006,108.00,358.00,17.00,32.00,-1,-1,-1,-1
737,1,0.00,474.00,43.00,49.00,-1,-1,-1,-1
737,2,99.00,450.00,83.00,45.00,-1,-1,-1,-1
737,3,0.00,562.00,190.00,80.00,-1,-1,-1,-1
737,4,0.00,550.00,64.00,52.00,-1,-1,-1,-1
737,5,36.00,530.00,103.00,52.00,-1,-1,-1,-1
737,1006,106.00,358.00,17.00,33.00,-1,-1,-1,-1
745,1,0.00,474.00,43.00,49.00,-1,-1,-1,-1
745,2,99.00,450.00,83.00,45.00,-1,-1,-1,-1
745,3,0.00,562.00,190.00,80.00,-1,-1,-1,-1
745,4,0.00,550.00,64.00,52.00,-1,-1,-1,-1
745,5,36.00,530.00,103.00,52.00,-1,-1,-1,-1
745,1006,105.00,359.00,17.00,33.00,-1,-1,-1,-1
753,1,0.00,474.00,43.00,49.00,-1,-1,-1,-1
753,2,99.00,450.00,83.00,45.00,-1,-1,-1,-1
753,3,0.00,562.00,190.00,80.00,-1,-1,-1,-1
753,4,0.00,550.00,64.00,52.00,-1,-1,-1,-1
753,5,36.00,530.00,103.00,52.00,-1,-1,-1,-1
753,1006,105.00,359.00,17.00,33.00,-1,-1,-1,-1
761,1,0.00,474.00,43.00,49.00,-1,-1,-1,-1
761,2,99.00,450.00,83.00,45.00,-1,-1,-1,-1
761,3,0.00,562.00,190.00,80.00,-1,-1,-1,-1
761,4,0.00,550.00,64.00,52.00,-1,-1,-1,-1
761,5,36.00,530.00,103.00,52.00,-1,-1,-1,-1
761,1006,104.00,360.00,17.00,33.00,-1,-1,-1,-1
769,1,0.00,474.00,43.00,49.00,-1,-1,-1,-1
769,2,99.00,450.00,83.00,45.00,-1,-1,-1,-1
769,3,0.00,562.00,190.00,80.00,-1,-1,-1,-1
769,4,0.00,550.00,64.00,52.00,-1,-1,-1,-1
769,5,36.00,530.00,103.00,52.00,-1,-1,-1,-1
769,1006,104.00,360.00,17.00,33.00,-1,-1,-1,-1
777,1,0.00,474.00,43.00,49.00,-1,-1,-1,-1
777,2,99.00,450.00,83.00,45.00,-1,-1,-1,-1
777,3,0.00,562.00,190.00,80.00,-1,-1,-1,-1
777,4,0.00,550.00,64.00,52.00,-1,-1,-1,-1
777,5,36.00,530.00,103.00,52.00,-1,-1,-1,-1
777,1006,103.00,361.00,17.00,33.00,-1,-1,-1,-1
785,1,0.00,474.00,43.00,49.00,-1,-1,-1,-1
785,2,99.00,450.00,83.00,45.00,-1,-1,-1,-1
785,3,0.00,562.00,190.00,80.00,-1,-1,-1,-1
785,4,0.00,550.00,64.00,52.00,-1,-1,-1,-1
785,5,36.00,530.00,103.00,52.00,-1,-1,-1,-1
785,1006,103.00,361.00,17.00,33.00,-1,-1,-1,-1
793,1,0.00,474.00,43.00,49.00,-1,-1,-1,-1
793,2,99.00,450.00,83.00,45.00,-1,-1,-1,-1
793,3,0.00,562.00,190.00,80.00,-1,-1,-1,-1
793,4,0.00,550.00,64.00,52.00,-1,-1,-1,-1
793,5,36.00,530.00,103.00,52.00,-1,-1,-1,-1
793,1006,102.00,362.00,17.00,33.00,-1,-1,-1,-1
801,1,0.00,474.00,43.00,49.00,-1,-1,-1,-1
801,2,99.00,450.00,83.00,45.00,-1,-1,-1,-1
801,3,0.00,562.00,190.00,80.00,-1,-1,-1,-1
801,4,0.00,550.00,64.00,52.00,-1,-1,-1,-1
801,5,36.00,530.00,103.00,52.00,-1,-1,-1,-1
801,1006,101.00,362.00,17.00,34.00,-1,-1,-1,-1
809,1,0.00,474.00,43.00,49.00,-1,-1,-1,-1
809,2,99.00,450.00,83.00,45.00,-1,-1,-1,-1
809,3,0.00,562.00,190.00,80.00,-1,-1,-1,-1
809,4,0.00,550.00,64.00,52.00,-1,-1,-1,-1
809,5,36.00,530.00,103.00,52.00,-1,-1,-1,-1
809,1006,100.00,362.00,17.00,34.00,-1,-1,-1,-1
817,1,0.00,474.00,43.00,49.00,-1,-1,-1,-1
817,2,99.00,450.00,83.00,45.00,-1,-1,-1,-1
817,3,0.00,562.00,190.00,80.00,-1,-1,-1,-1
817,4,0.00,550.00,64.00,52.00,-1,-1,-1,-1
817,5,36.00,530.00,103.00,52.00,-1,-1,-1,-1
817,1006,99.00,363.00,17.00,34.00,-1,-1,-1,-1
825,1,0.00,474.00,43.00,49.00,-1,-1,-1,-1
825,2,99.00,450.00,83.00,45.00,-1,-1,-1,-1
825,3,0.00,562.00,190.00,80.00,-1,-1,-1,-1
825,4,0.00,550.00,64.00,52.00,-1,-1,-1,-1
825,5,36.00,530.00,103.00,52.00,-1,-1,-1,-1
825,1006,99.00,363.00,17.00,34.00,-1,-1,-1,-1
833,1,0.00,474.00,43.00,49.00,-1,-1,-1,-1
833,2,99.00,450.00,83.00,45.00,-1,-1,-1,-1
833,3,0.00,562.00,190.00,80.00,-1,-1,-1,-1
833,4,0.00,550.00,64.00,52.00,-1,-1,-1,-1
833,5,36.00,530.00,103.00,52.00,-1,-1,-1,-1
833,1006,98.00,364.00,17.00,34.00,-1,-1,-1,-1
841,1,0.00,474.00,43.00,49.00,-1,-1,-1,-1
841,2,99.00,450.00,83.00,45.00,-1,-1,-1,-1
841,3,0.00,562.00,190.00,80.00,-1,-1,-1,-1
841,4,0.00,550.00,64.00,52.00,-1,-1,-1,-1
841,5,36.00,530.00,103.00,52.00,-1,-1,-1,-1
841,1006,97.00,364.00,18.00,35.00,-1,-1,-1,-1
849,1,0.00,474.00,43.00,49.00,-1,-1,-1,-1
849,2,99.00,450.00,83.00,45.00,-1,-1,-1,-1
849,3,0.00,562.00,190.00,80.00,-1,-1,-1,-1
849,4,0.00,550.00,64.00,52.00,-1,-1,-1,-1
849,5,36.00,530.00,103.00,52.00,-1,-1,-1,-1
849,1006,97.00,365.00,18.00,35.00,-1,-1,-1,-1
857,1,0.00,474.00,43.00,49.00,-1,-1,-1,-1
857,2,99.00,450.00,83.00,45.00,-1,-1,-1,-1
857,3,0.00,562.00,190.00,80.00,-1,-1,-1,-1
857,4,0.00,550.00,64.00,52.00,-1,-1,-1,-1
857,5,36.00,530.00,103.00,52.00,-1,-1,-1,-1
857,1006,96.00,365.00,18.00,35.00,-1,-1,-1,-1
865,1,0.00,474.00,43.00,49.00,-1,-1,-1,-1
865,2,99.00,450.00,83.00,45.00,-1,-1,-1,-1
865,3,0.00,562.00,190.00,80.00,-1,-1,-1,-1
865,4,0.00,550.00,64.00,52.00,-1,-1,-1,-1
865,5,36.00,530.00,103.00,52.00,-1,-1,-1,-1
865,1006,96.00,366.00,18.00,35.00,-1,-1,-1,-1
873,1,0.00,474.00,43.00,49.00,-1,-1,-1,-1
873,2,99.00,450.00,83.00,45.00,-1,-1,-1,-1
873,3,0.00,562.00,190.00,80.00,-1,-1,-1,-1
873,4,0.00,550.00,64.00,52.00,-1,-1,-1,-1
873,5,36.00,530.00,103.00,52.00,-1,-1,-1,-1
873,1006,95.00,366.00,19.00,36.00,-1,-1,-1,-1
881,1,0.00,474.00,43.00,49.00,-1,-1,-1,-1
881,2,99.00,450.00,83.00,45.00,-1,-1,-1,-1
881,3,0.00,562.00,190.00,80.00,-1,-1,-1,-1
881,4,0.00,550.00,64.00,52.00,-1,-1,-1,-1
881,5,36.00,530.00,103.00,52.00,-1,-1,-1,-1
881,1006,95.00,367.00,19.00,36.00,-1,-1,-1,-1
889,1,0.00,474.00,43.00,49.00,-1,-1,-1,-1
889,2,99.00,450.00,83.00,45.00,-1,-1,-1,-1
889,3,0.00,562.00,190.00,80.00,-1,-1,-1,-1
889,4,0.00,550.00,64.00,52.00,-1,-1,-1,-1
889,5,36.00,530.00,103.00,52.00,-1,-1,-1,-1
889,1006,95.00,367.00,19.00,36.00,-1,-1,-1,-1
897,1,0.00,474.00,43.00,49.00,-1,-1,-1,-1
897,2,99.00,450.00,83.00,45.00,-1,-1,-1,-1
897,3,0.00,562.00,190.00,80.00,-1,-1,-1,-1
897,4,0.00,550.00,64.00,52.00,-1,-1,-1,-1
897,5,36.00,530.00,103.00,52.00,-1,-1,-1,-1
897,1006,95.00,368.00,19.00,35.00,-1,-1,-1,-1
905,1,0.00,474.00,43.00,49.00,-1,-1,-1,-1
905,2,99.00,449.00,83.00,46.00,-1,-1,-1,-1
905,3,0.00,562.00,190.00,80.00,-1,-1,-1,-1
905,4,0.00,550.00,64.00,52.00,-1,-1,-1,-1
905,5,36.00,530.00,103.00,52.00,-1,-1,-1,-1
905,1006,95.00,368.00,19.00,36.00,-1,-1,-1,-1
913,1,0.00,474.00,43.00,49.00,-1,-1,-1,-1
913,2,99.00,449.00,83.00,46.00,-1,-1,-1,-1
913,3,0.00,562.00,190.00,80.00,-1,-1,-1,-1
913,4,0.00,550.00,64.00,52.00,-1,-1,-1,-1
913,5,36.00,530.00,103.00,52.00,-1,-1,-1,-1
913,1006,95.00,369.00,20.00,35.00,-1,-1,-1,-1
921,1,0.00,474.00,43.00,49.00,-1,-1,-1,-1
921,2,99.00,449.00,83.00,46.00,-1,-1,-1,-1
921,3,0.00,562.00,190.00,80.00,-1,-1,-1,-1
921,4,0.00,550.00,64.00,52.00,-1,-1,-1,-1
921,5,36.00,530.00,103.00,52.00,-1,-1,-1,-1
921,1006,95.00,369.00,20.00,36.00,-1,-1,-1,-1
929,1,0.00,474.00,43.00,49.00,-1,-1,-1,-1
929,2,99.00,449.00,83.00,46.00,-1,-1,-1,-1
929,3,0.00,562.00,190.00,80.00,-1,-1,-1,-1
929,4,0.00,550.00,64.00,52.00,-1,-1,-1,-1
929,5,36.00,530.00,103.00,52.00,-1,-1,-1,-1
929,1006,95.00,370.00,20.00,35.00,-1,-1,-1,-1
937,1,0.00,474.00,43.00,49.00,-1,-1,-1,-1
937,2,99.00,449.00,83.00,46.00,-1,-1,-1,-1
937,3,0.00,562.00,190.00,80.00,-1,-1,-1,-1
937,4,0.00,550.00,64.00,52.00,-1,-1,-1,-1
937,5,36.00,530.00,103.00,52.00,-1,-1,-1,-1
937,1006,95.00,371.00,21.00,35.00,-1,-1,-1,-1
945,1,0.00,474.00,43.00,49.00,-1,-1,-1,-1
945,2,99.00,449.00,83.00,46.00,-1,-1,-1,-1
945,3,0.00,562.00,190.00,80.00,-1,-1,-1,-1
945,4,0.00,550.00,64.00,52.00,-1,-1,-1,-1
945,5,36.00,530.00,103.00,52.00,-1,-1,-1,-1
945,1006,97.00,371.00,20.00,35.00,-1,-1,-1,-1
953,1,0.00,474.00,43.00,49.00,-1,-1,-1,-1
953,2,99.00,449.00,83.00,46.00,-1,-1,-1,-1
953,3,0.00,562.00,190.00,80.00,-1,-1,-1,-1
953,4,0.00,550.00,64.00,52.00,-1,-1,-1,-1
953,5,36.00,530.00,103.00,52.00,-1,-1,-1,-1
953,1006,98.00,372.00,20.00,35.00,-1,-1,-1,-1
961,1,0.00,474.00,43.00,49.00,-1,-1,-1,-1
961,2,99.00,449.00,83.00,46.00,-1,-1,-1,-1
961,3,0.00,562.00,190.00,80.00,-1,-1,-1,-1
961,4,0.00,550.00,64.00,52.00,-1,-1,-1,-1
961,5,36.00,530.00,103.00,52.00,-1,-1,-1,-1
961,1006,100.00,372.00,20.00,35.00,-1,-1,-1,-1
969,1,0.00,474.00,43.00,49.00,-1,-1,-1,-1
969,2,99.00,449.00,83.00,46.00,-1,-1,-1,-1
969,3,0.00,562.00,190.00,80.00,-1,-1,-1,-1
969,4,0.00,550.00,64.00,52.00,-1,-1,-1,-1
969,5,36.00,530.00,103.00,52.00,-1,-1,-1,-1
969,1006,102.00,373.00,19.00,35.00,-1,-1,-1,-1
977,1,0.00,474.00,43.00,49.00,-1,-1,-1,-1
977,2,99.00,449.00,83.00,46.00,-1,-1,-1,-1
977,3,0.00,562.00,190.00,80.00,-1,-1,-1,-1
977,4,0.00,550.00,64.00,52.00,-1,-1,-1,-1
977,5,36.00,530.00,103.00,52.00,-1,-1,-1,-1
977,1006,104.00,374.00,19.00,34.00,-1,-1,-1,-1
985,1,0.00,474.00,43.00,49.00,-1,-1,-1,-1
985,2,99.00,449.00,83.00,46.00,-1,-1,-1,-1
985,3,0.00,562.00,190.00,80.00,-1,-1,-1,-1
985,4,0.00,550.00,64.00,52.00,-1,-1,-1,-1
985,5,36.00,530.00,103.00,52.00,-1,-1,-1,-1
985,1006,106.00,374.00,18.00,35.00,-1,-1,-1,-1
993,1,0.00,474.00,43.00,49.00,-1,-1,-1,-1
993,2,99.00,449.00,83.00,46.00,-1,-1,-1,-1
993,3,0.00,562.00,190.00,80.00,-1,-1,-1,-1
993,4,0.00,550.00,64.00,52.00,-1,-1,-1,-1
993,5,36.00,530.00,103.00,52.00,-1,-1,-1,-1
993,1006,108.00,375.00,17.00,34.00,-1,-1,-1,-1
1001,1,0.00,474.00,43.00,49.00,-1,-1,-1,-1
1001,2,99.00,449.00,83.00,46.00,-1,-1,-1,-1
1001,3,0.00,562.00,190.00,80.00,-1,-1,-1,-1
1001,4,0.00,550.00,64.00,52.00,-1,-1,-1,-1
1001,5,36.00,530.00,103.00,52.00,-1,-1,-1,-1
1001,1006,110.00,376.00,17.00,34.00,-1,-1,-1,-1
1009,1,0.00,474.00,43.00,49.00,-1,-1,-1,-1
1009,2,99.00,449.00,83.00,46.00,-1,-1,-1,-1
1009,3,0.00,562.00,190.00,80.00,-1,-1,-1,-1
1009,4,0.00,550.00,64.00,52.00,-1,-1,-1,-1
1009,5,36.00,530.00,103.00,52.00,-1,-1,-1,-1
1009,1006,112.00,376.00,18.00,34.00,-1,-1,-1,-1
1017,1,0.00,474.00,43.00,49.00,-1,-1,-1,-1
1017,2,99.00,449.00,83.00,46.00,-1,-1,-1,-1
1017,3,0.00,562.00,190.00,80.00,-1,-1,-1,-1
1017,4,0.00,550.00,64.00,52.00,-1,-1,-1,-1
1017,5,36.00,530.00,103.00,52.00,-1,-1,-1,-1
1017,1006,115.00,376.00,18.00,35.00,-1,-1,-1,-1
1025,1,0.00,474.00,43.00,49.00,-1,-1,-1,-1
1025,2,99.00,449.00,83.00,46.00,-1,-1,-1,-1
1025,3,0.00,562.00,190.00,80.00,-1,-1,-1,-1
1025,4,0.00,550.00,64.00,52.00,-1,-1,-1,-1
1025,5,36.00,530.00,103.00,52.00,-1,-1,-1,-1
1025,1006,117.00,376.00,19.00,36.00,-1,-1,-1,-1
1033,1,0.00,474.00,43.00,49.00,-1,-1,-1,-1
1033,2,99.00,449.00,83.00,46.00,-1,-1,-1,-1
1033,3,0.00,562.00,190.00,80.00,-1,-1,-1,-1
1033,4,0.00,550.00,64.00,52.00,-1,-1,-1,-1
1033,5,36.00,530.00,103.00,52.00,-1,-1,-1,-1
1033,1006,119.00,376.00,20.00,37.00,-1,-1,-1,-1
1041,1,0.00,474.00,43.00,49.00,-1,-1,-1,-1
1041,2,99.00,449.00,83.00,46.00,-1,-1,-1,-1
1041,3,0.00,562.00,190.00,80.00,-1,-1,-1,-1
1041,4,0.00,550.00,64.00,52.00,-1,-1,-1,-1
1041,5,36.00,530.00,103.00,52.00,-1,-1,-1,-1
1041,1006,122.00,376.00,20.00,38.00,-1,-1,-1,-1
1049,1,0.00,474.00,43.00,49.00,-1,-1,-1,-1
1049,2,99.00,449.00,83.00,46.00,-1,-1,-1,-1
1049,3,0.00,562.00,190.00,80.00,-1,-1,-1,-1
1049,4,0.00,550.00,64.00,52.00,-1,-1,-1,-1
1049,5,36.00,530.00,103.00,52.00,-1,-1,-1,-1
1049,1006,124.00,376.00,21.00,38.00,-1,-1,-1,-1
1057,1,0.00,474.00,43.00,49.00,-1,-1,-1,-1
1057,2,99.00,449.00,83.00,46.00,-1,-1,-1,-1
1057,3,0.00,562.00,190.00,80.00,-1,-1,-1,-1
1057,4,0.00,550.00,64.00,52.00,-1,-1,-1,-1
1057,5,36.00,530.00,103.00,52.00,-1,-1,-1,-1
1057,1006,126.00,377.00,21.00,38.00,-1,-1,-1,-1
1065,1,0.00,474.00,43.00,49.00,-1,-1,-1,-1
1065,2,99.00,449.00,83.00,46.00,-1,-1,-1,-1
1065,3,0.00,562.00,190.00,80.00,-1,-1,-1,-1
1065,4,0.00,550.00,64.00,52.00,-1,-1,-1,-1
1065,5,36.00,530.00,103.00,52.00,-1,-1,-1,-1
1065,1006,127.00,377.00,21.00,39.00,-1,-1,-1,-1
1073,1,0.00,474.00,43.00,49.00,-1,-1,-1,-1
1073,2,99.00,449.00,83.00,46.00,-1,-1,-1,-1
1073,3,0.00,562.00,190.00,80.00,-1,-1,-1,-1
1073,4,0.00,550.00,64.00,52.00,-1,-1,-1,-1
1073,5,36.00,530.00,103.00,52.00,-1,-1,-1,-1
1073,1006,128.00,377.00,21.00,40.00,-1,-1,-1,-1
1081,1,0.00,474.00,43.00,49.00,-1,-1,-1,-1
1081,2,99.00,449.00,83.00,46.00,-1,-1,-1,-1
1081,3,0.00,562.00,190.00,80.00,-1,-1,-1,-1
1081,4,0.00,550.00,64.00,52.00,-1,-1,-1,-1
1081,5,36.00,530.00,103.00,52.00,-1,-1,-1,-1
1081,1006,130.00,377.00,21.00,41.00,-1,-1,-1,-1
1089,1,0.00,474.00,43.00,49.00,-1,-1,-1,-1
1089,2,99.00,449.00,83.00,46.00,-1,-1,-1,-1
1089,3,0.00,562.00,190.00,80.00,-1,-1,-1,-1
1089,4,0.00,550.00,64.00,52.00,-1,-1,-1,-1
1089,5,36.00,530.00,103.00,52.00,-1,-1,-1,-1
1089,1006,131.00,377.00,21.00,42.00,-1,-1,-1,-1
1097,1,0.00,474.00,43.00,49.00,-1,-1,-1,-1
1097,2,99.00,449.00,83.00,46.00,-1,-1,-1,-1
1097,3,0.00,562.00,190.00,80.00,-1,-1,-1,-1
1097,4,0.00,550.00,64.00,52.00,-1,-1,-1,-1
1097,5,36.00,530.00,103.00,52.00,-1,-1,-1,-1
1097,1006,133.00,378.00,21.00,42.00,-1,-1,-1,-1
1105,1,0.00,474.00,43.00,49.00,-1,-1,-1,-1
1105,2,99.00,449.00,83.00,46.00,-1,-1,-1,-1
1105,3,0.00,562.00,190.00,80.00,-1,-1,-1,-1
1105,4,0.00,550.00,64.00,52.00,-1,-1,-1,-1
1105,5,36.00,530.00,103.00,52.00,-1,-1,-1,-1
1105,1006,134.00,379.00,21.00,41.00,-1,-1,-1,-1
1113,1,0.00,474.00,43.00,49.00,-1,-1,-1,-1
1113,2,99.00,449.00,83.00,46.00,-1,-1,-1,-1
1113,3,0.00,562.00,190.00,80.00,-1,-1,-1,-1
1113,4,0.00,550.00,64.00,52.00,-1,-1,-1,-1
1113,5,36.00,530.00,103.00,52.00,-1,-1,-1,-1
1113,1006,135.00,381.00,21.00,40.00,-1,-1,-1,-1
1121,1,0.00,474.00,43.00,49.00,-1,-1,-1,-1
1121,2,99.00,449.00,83.00,46.00,-1,-1,-1,-1
1121,3,0.00,562.00,190.00,80.00,-1,-1,-1,-1
1121,4,0.00,550.00,64.00,52.00,-1,-1,-1,-1
1121,5,36.00,530.00,103.00,52.00,-1,-1,-1,-1
1121,1006,136.00,383.00,21.00,39.00,-1,-1,-1,-1
1129,1,0.00,474.00,43.00,49.00,-1,-1,-1,-1
1129,2,99.00,449.00,83.00,46.00,-1,-1,-1,-1
1129,3,0.00,562.00,190.00,80.00,-1,-1,-1,-1
1129,4,0.00,550.00,64.00,52.00,-1,-1,-1,-1
1129,5,36.00,530.00,103.00,52.00,-1,-1,-1,-1
1129,1006,137.00,384.00,21.00,39.00,-1,-1,-1,-1
1137,1,0.00,474.00,43.00,49.00,-1,-1,-1,-1
1137,2,99.00,449.00,83.00,46.00,-1,-1,-1,-1
1137,3,0.00,562.00,190.00,80.00,-1,-1,-1,-1
1137,4,0.00,550.00,64.00,52.00,-1,-1,-1,-1
1137,5,36.00,530.00,103.00,52.00,-1,-1,-1,-1
1137,1006,138.00,386.00,21.00,38.00,-1,-1,-1,-1
1145,1,0.00,474.00,43.00,49.00,-1,-1,-1,-1
1145,2,99.00,449.00,83.00,46.00,-1,-1,-1,-1
1145,3,0.00,562.00,190.00,80.00,-1,-1,-1,-1
1145,4,0.00,550.00,64.00,52.00,-1,-1,-1,-1
1145,5,36.00,530.00,103.00,52.00,-1,-1,-1,-1
1145,1006,139.00,388.00,21.00,37.00,-1,-1,-1,-1
1153,1,0.00,474.00,43.00,49.00,-1,-1,-1,-1
1153,2,99.00,449.00,83.00,46.00,-1,-1,-1,-1
1153,3,0.00,562.00,190.00,80.00,-1,-1,-1,-1
1153,4,0.00,550.00,64.00,52.00,-1,-1,-1,-1
1153,5,36.00,530.00,103.00,52.00,-1,-1,-1,-1
1153,1006,140.00,389.00,21.00,36.00,-1,-1,-1,-1
1161,1,0.00,474.00,43.00,49.00,-1,-1,-1,-1
1161,2,99.00,449.00,83.00,46.00,-1,-1,-1,-1
1161,3,0.00,562.00,190.00,80.00,-1,-1,-1,-1
1161,4,0.00,550.00,64.00,52.00,-1,-1,-1,-1
1161,5,36.00,530.00,103.00,52.00,-1,-1,-1,-1
1161,1006,141.00,391.00,21.00,35.00,-1,-1,-1,-1
1169,1,0.00,474.00,43.00,49.00,-1,-1,-1,-1
1169,2,99.00,449.00,83.00,46.00,-1,-1,-1,-1
1169,3,0.00,562.00,190.00,80.00,-1,-1,-1,-1
1169,4,0.00,550.00,64.00,52.00,-1,-1,-1,-1
1169,5,36.00,530.00,103.00,52.00,-1,-1,-1,-1
1169,1006,142.00,393.00,21.00,34.00,-1,-1,-1,-1
1177,1,0.00,474.00,43.00,49.00,-1,-1,-1,-1
1177,2,99.00,449.00,83.00,46.00,-1,-1,-1,-1
1177,3,0.00,562.00,190.00,80.00,-1,-1,-1,-1
1177,4,0.00,550.00,64.00,52.00,-1,-1,-1,-1
1177,5,36.00,530.00,103.00,52.00,-1,-1,-1,-1
1177,1006,143.00,394.00,21.00,34.00,-1,-1,-1,-1
1185,1,0.00,474.00,43.00,49.00,-1,-1,-1,-1
1185,2,99.00,449.00,83.00,46.00,-1,-1,-1,-1
1185,3,0.00,562.00,190.00,80.00,-1,-1,-1,-1
1185,4,0.00,550.00,64.00,52.00,-1,-1,-1,-1
1185,5,36.00,530.00,103.00,52.00,-1,-1,-1,-1
1185,1006,144.00,396.00,21.00,33.00,-1,-1,-1,-1
1193,1,0.00,474.00,43.00,49.00,-1,-1,-1,-1
1193,2,99.00,449.00,83.00,46.00,-1,-1,-1,-1
1193,3,0.00,562.00,190.00,80.00,-1,-1,-1,-1
1193,4,0.00,550.00,64.00,52.00,-1,-1,-1,-1
1193,5,36.00,530.00,103.00,52.00,-1,-1,-1,-1
1193,1006,145.00,396.00,21.00,33.00,-1,-1,-1,-1
1201,1,0.00,474.00,43.00,49.00,-1,-1,-1,-1
1201,2,99.00,449.00,83.00,46.00,-1,-1,-1,-1
1201,3,0.00,562.00,190.00,80.00,-1,-1,-1,-1
1201,4,0.00,550.00,64.00,52.00,-1,-1,-1,-1
1201,5,36.00,530.00,103.00,52.00,-1,-1,-1,-1
1201,1006,147.00,397.00,21.00,33.00,-1,-1,-1,-1
1209,1,0.00,474.00,43.00,49.00,-1,-1,-1,-1
1209,2,99.00,449.00,83.00,46.00,-1,-1,-1,-1
1209,3,0.00,562.00,190.00,80.00,-1,-1,-1,-1
1209,4,0.00,550.00,64.00,52.00,-1,-1,-1,-1
1209,5,36.00,530.00,103.00,52.00,-1,-1,-1,-1
1209,1006,149.00,398.00,20.00,32.00,-1,-1,-1,-1
1217,1,0.00,474.00,43.00,49.00,-1,-1,-1,-1
1217,2,99.00,449.00,83.00,46.00,-1,-1,-1,-1
1217,3,0.00,562.00,190.00,80.00,-1,-1,-1,-1
1217,4,0.00,550.00,64.00,52.00,-1,-1,-1,-1
1217,5,36.00,530.00,103.00,52.00,-1,-1,-1,-1
1217,1006,150.00,399.00,21.00,32.00,-1,-1,-1,-1
1225,1,0.00,474.00,43.00,49.00,-1,-1,-1,-1
1225,2,99.00,449.00,83.00,46.00,-1,-1,-1,-1
1225,3,0.00,562.00,190.00,80.00,-1,-1,-1,-1
1225,4,0.00,550.00,64.00,52.00,-1,-1,-1,-1
1225,5,36.00,530.00,103.00,52.00,-1,-1,-1,-1
1225,1006,152.00,399.00,20.00,33.00,-1,-1,-1,-1
1233,1,0.00,474.00,43.00,49.00,-1,-1,-1,-1
1233,2,99.00,449.00,83.00,46.00,-1,-1,-1,-1
1233,3,0.00,562.00,190.00,80.00,-1,-1,-1,-1
1233,4,0.00,550.00,64.00,52.00,-1,-1,-1,-1
1233,5,36.00,530.00,103.00,52.00,-1,-1,-1,-1
1233,1006,153.00,400.00,20.00,32.00,-1,-1,-1,-1
1241,1,0.00,474.00,43.00,49.00,-1,-1,-1,-1
1241,2,99.00,449.00,83.00,46.00,-1,-1,-1,-1
1241,3,0.00,562.00,190.00,80.00,-1,-1,-1,-1
1241,4,0.00,550.00,64.00,52.00,-1,-1,-1,-1
1241,5,36.00,530.00,103.00,52.00,-1,-1,-1,-1
1241,1006,155.00,401.00,20.00,32.00,-1,-1,-1,-1
1249,1,0.00,474.00,43.00,49.00,-1,-1,-1,-1
1249,2,99.00,449.00,83.00,46.00,-1,-1,-1,-1
1249,3,0.00,562.00,190.00,80.00,-1,-1,-1,-1
1249,4,0.00,550.00,64.00,52.00,-1,-1,-1,-1
1249,5,36.00,530.00,103.00,52.00,-1,-1,-1,-1
1249,1006,156.00,401.00,20.00,32.00,-1,-1,-1,-1
1257,1,0.00,474.00,43.00,49.00,-1,-1,-1,-1
1257,2,99.00,449.00,83.00,46.00,-1,-1,-1,-1
1257,3,0.00,562.00,190.00,80.00,-1,-1,-1,-1
1257,4,0.00,550.00,64.00,52.00,-1,-1,-1,-1
1257,5,36.00,530.00,103.00,52.00,-1,-1,-1,-1
1257,1006,158.00,401.00,21.00,34.00,-1,-1,-1,-1
1265,1,0.00,474.00,43.00,49.00,-1,-1,-1,-1
1265,2,99.00,449.00,83.00,46.00,-1,-1,-1,-1
1265,3,0.00,562.00,190.00,80.00,-1,-1,-1,-1
1265,4,0.00,550.00,64.00,52.00,-1,-1,-1,-1
1265,5,36.00,530.00,103.00,52.00,-1,-1,-1,-1
1265,1006,161.00,401.00,21.00,36.00,-1,-1,-1,-1
1273,1,0.00,474.00,43.00,49.00,-1,-1,-1,-1
1273,2,99.00,449.00,83.00,46.00,-1,-1,-1,-1
1273,3,0.00,562.00,190.00,80.00,-1,-1,-1,-1
1273,4,0.00,550.00,64.00,52.00,-1,-1,-1,-1
1273,5,36.00,530.00,103.00,52.00,-1,-1,-1,-1
1273,1006,163.00,400.00,21.00,36.00,-1,-1,-1,-1
1281,1,0.00,474.00,43.00,49.00,-1,-1,-1,-1
1281,2,99.00,449.00,83.00,46.00,-1,-1,-1,-1
1281,3,0.00,562.00,190.00,80.00,-1,-1,-1,-1
1281,4,0.00,550.00,64.00,52.00,-1,-1,-1,-1
1281,5,36.00,530.00,103.00,52.00,-1,-1,-1,-1
1281,1006,166.00,400.00,21.00,36.00,-1,-1,-1,-1
1289,1,0.00,474.00,43.00,49.00,-1,-1,-1,-1
1289,2,99.00,449.00,83.00,46.00,-1,-1,-1,-1
1289,3,0.00,562.00,190.00,80.00,-1,-1,-1,-1
1289,4,0.00,550.00,64.00,52.00,-1,-1,-1,-1
1289,5,36.00,530.00,103.00,52.00,-1,-1,-1,-1
1289,1006,168.00,400.00,22.00,36.00,-1,-1,-1,-1
1297,1,0.00,474.00,43.00,49.00,-1,-1,-1,-1
1297,2,99.00,449.00,83.00,46.00,-1,-1,-1,-1
1297,3,0.00,562.00,190.00,80.00,-1,-1,-1,-1
1297,4,0.00,550.00,64.00,52.00,-1,-1,-1,-1
1297,5,36.00,530.00,103.00,52.00,-1,-1,-1,-1
1297,1006,170.00,400.00,21.00,36.00,-1,-1,-1,-1
1305,1,0.00,474.00,43.00,49.00,-1,-1,-1,-1
1305,2,99.00,449.00,83.00,46.00,-1,-1,-1,-1
1305,3,0.00,562.00,190.00,80.00,-1,-1,-1,-1
1305,4,0.00,550.00,64.00,52.00,-1,-1,-1,-1
1305,5,36.00,530.00,103.00,52.00,-1,-1,-1,-1
1305,1006,173.00,401.00,21.00,36.00,-1,-1,-1,-1
1313,1,0.00,474.00,43.00,49.00,-1,-1,-1,-1
1313,2,99.00,449.00,83.00,46.00,-1,-1,-1,-1
1313,3,0.00,562.00,190.00,80.00,-1,-1,-1,-1
1313,4,0.00,550.00,64.00,52.00,-1,-1,-1,-1
1313,5,36.00,530.00,103.00,52.00,-1,-1,-1,-1
1313,1006,176.00,402.00,22.00,36.00,-1,-1,-1,-1
1321,1,0.00,474.00,43.00,49.00,-1,-1,-1,-1
1321,2,99.00,449.00,83.00,46.00,-1,-1,-1,-1
1321,3,0.00,562.00,190.00,80.00,-1,-1,-1,-1
1321,4,0.00,550.00,64.00,52.00,-1,-1,-1,-1
1321,5,36.00,530.00,103.00,52.00,-1,-1,-1,-1
1321,1006,179.00,402.00,22.00,36.00,-1,-1,-1,-1
1329,1,0.00,474.00,43.00,49.00,-1,-1,-1,-1
1329,2,99.00,449.00,83.00,46.00,-1,-1,-1,-1
1329,3,0.00,562.00,190.00,80.00,-1,-1,-1,-1
1329,4,0.00,550.00,64.00,52.00,-1,-1,-1,-1
1329,5,36.00,530.00,103.00,52.00,-1,-1,-1,-1
1329,1006,183.00,403.00,22.00,36.00,-1,-1,-1,-1
1337,1,0.00,474.00,43.00,49.00,-1,-1,-1,-1
1337,2,99.00,449.00,83.00,46.00,-1,-1,-1,-1
1337,3,0.00,562.00,190.00,80.00,-1,-1,-1,-1
1337,4,0.00,550.00,64.00,52.00,-1,-1,-1,-1
1337,5,36.00,530.00,103.00,52.00,-1,-1,-1,-1
1337,1006,188.00,403.00,22.00,37.00,-1,-1,-1,-1
1345,1,0.00,474.00,43.00,49.00,-1,-1,-1,-1
1345,2,99.00,449.00,83.00,46.00,-1,-1,-1,-1
1345,3,0.00,562.00,190.00,80.00,-1,-1,-1,-1
1345,4,0.00,550.00,64.00,52.00,-1,-1,-1,-1
1345,5,36.00,530.00,103.00,52.00,-1,-1,-1,-1
1345,1006,193.00,404.00,21.00,36.00,-1,-1,-1,-1
1353,1,0.00,474.00,43.00,49.00,-1,-1,-1,-1
1353,2,99.00,449.00,83.00,47.00,-1,-1,-1,-1
1353,3,0.00,563.00,190.00,80.00,-1,-1,-1,-1
1353,4,0.00,550.00,64.00,52.00,-1,-1,-1,-1
1353,5,36.00,530.00,103.00,52.00,-1,-1,-1,-1
1353,1006,198.00,404.00,21.00,37.00,-1,-1,-1,-1
1361,1,0.00,474.00,43.00,49.00,-1,-1,-1,-1
1361,2,99.00,449.00,83.00,47.00,-1,-1,-1,-1
1361,3,0.00,563.00,190.00,80.00,-1,-1,-1,-1
1361,4,0.00,550.00,64.00,52.00,-1,-1,-1,-1
1361,5,36.00,530.00,103.00,52.00,-1,-1,-1,-1
1361,1006,202.00,405.00,22.00,36.00,-1,-1,-1,-1
1369,1,0.00,474.00,43.00,49.00,-1,-1,-1,-1
1369,2,99.00,449.00,83.00,47.00,-1,-1,-1,-1
1369,3,0.00,563.00,190.00,80.00,-1,-1,-1,-1
1369,4,0.00,550.00,64.00,52.00,-1,-1,-1,-1
1369,5,36.00,530.00,103.00,52.00,-1,-1,-1,-1
1369,1006,207.00,405.00,21.00,37.00,-1,-1,-1,-1
1377,1,0.00,474.00,43.00,49.00,-1,-1,-1,-1
1377,2,99.00,449.00,83.00,47.00,-1,-1,-1,-1
1377,3,0.00,563.00,190.00,80.00,-1,-1,-1,-1
1377,4,0.00,550.00,64.00,52.00,-1,-1,-1,-1
1377,5,36.00,530.00,103.00,52.00,-1,-1,-1,-1
1377,1006,212.00,406.00,21.00,37.00,-1,-1,-1,-1
1385,1,0.00,474.00,43.00,49.00,-1,-1,-1,-1
1385,2,99.00,449.00,83.00,47.00,-1,-1,-1,-1
1385,3,0.00,563.00,190.00,80.00,-1,-1,-1,-1
1385,4,0.00,550.00,64.00,52.00,-1,-1,-1,-1
1385,5,36.00,530.00,103.00,52.00,-1,-1,-1,-1
1385,1006,216.00,406.00,23.00,37.00,-1,-1,-1,-1
1393,1,0.00,474.00,43.00,49.00,-1,-1,-1,-1
1393,2,99.00,449.00,83.00,47.00,-1,-1,-1,-1
1393,3,0.00,563.00,190.00,80.00,-1,-1,-1,-1
1393,4,0.00,550.00,64.00,52.00,-1,-1,-1,-1
1393,5,36.00,530.00,103.00,52.00,-1,-1,-1,-1
1393,1006,221.00,406.00,23.00,38.00,-1,-1,-1,-1
1401,1,0.00,474.00,43.00,49.00,-1,-1,-1,-1
1401,2,99.00,449.00,83.00,47.00,-1,-1,-1,-1
1401,3,0.00,563.00,190.00,80.00,-1,-1,-1,-1
1401,4,0.00,550.00,64.00,52.00,-1,-1,-1,-1
1401,5,36.00,530.00,103.00,52.00,-1,-1,-1,-1
1401,1006,225.00,407.00,24.00,38.00,-1,-1,-1,-1
1409,1,0.00,474.00,43.00,49.00,-1,-1,-1,-1
1409,2,99.00,449.00,83.00,47.00,-1,-1,-1,-1
1409,3,0.00,563.00,190.00,80.00,-1,-1,-1,-1
1409,4,0.00,550.00,64.00,52.00,-1,-1,-1,-1
1409,5,36.00,530.00,103.00,52.00,-1,-1,-1,-1
1409,1006,231.00,407.00,24.00,38.00,-1,-1,-1,-1
1417,1,0.00,474.00,43.00,49.00,-1,-1,-1,-1
1417,2,99.00,449.00,83.00,47.00,-1,-1,-1,-1
1417,3,0.00,563.00,190.00,80.00,-1,-1,-1,-1
1417,4,0.00,550.00,64.00,52.00,-1,-1,-1,-1
1417,5,36.00,530.00,103.00,52.00,-1,-1,-1,-1
1417,1006,236.00,408.00,24.00,38.00,-1,-1,-1,-1
1425,1,0.00,474.00,43.00,49.00,-1,-1,-1,-1
1425,2,99.00,449.00,83.00,47.00,-1,-1,-1,-1
1425,3,0.00,563.00,190.00,80.00,-1,-1,-1,-1
1425,4,0.00,550.00,64.00,52.00,-1,-1,-1,-1
1425,5,36.00,530.00,103.00,52.00,-1,-1,-1,-1
1425,1006,242.00,408.00,24.00,39.00,-1,-1,-1,-1
1433,1,0.00,474.00,43.00,49.00,-1,-1,-1,-1
1433,2,99.00,449.00,83.00,47.00,-1,-1,-1,-1
1433,3,0.00,563.00,190.00,80.00,-1,-1,-1,-1
1433,4,0.00,550.00,64.00,52.00,-1,-1,-1,-1
1433,5,36.00,530.00,103.00,52.00,-1,-1,-1,-1
1433,1006,247.00,409.00,24.00,38.00,-1,-1,-1,-1
1441,1,0.00,474.00,43.00,49.00,-1,-1,-1,-1
1441,2,99.00,449.00,83.00,47.00,-1,-1,-1,-1
1441,3,0.00,563.00,190.00,80.00,-1,-1,-1,-1
1441,4,0.00,550.00,64.00,52.00,-1,-1,-1,-1
1441,5,36.00,530.00,103.00,52.00,-1,-1,-1,-1
1441,1006,253.00,410.00,24.00,38.00,-1,-1,-1,-1
1449,1,0.00,474.00,43.00,49.00,-1,-1,-1,-1
1449,2,99.00,449.00,83.00,47.00,-1,-1,-1,-1
1449,3,0.00,563.00,190.00,80.00,-1,-1,-1,-1
1449,4,0.00,550.00,64.00,52.00,-1,-1,-1,-1
1449,5,36.00,530.00,103.00,52.00,-1,-1,-1,-1
1449,1006,258.00,410.00,24.00,39.00,-1,-1,-1,-1
1457,1,0.00,474.00,43.00,49.00,-1,-1,-1,-1
1457,2,99.00,449.00,83.00,47.00,-1,-1,-1,-1
1457,3,0.00,563.00,190.00,80.00,-1,-1,-1,-1
1457,4,0.00,550.00,64.00,52.00,-1,-1,-1,-1
1457,5,36.00,530.00,103.00,52.00,-1,-1,-1,-1
1457,1006,264.00,411.00,24.00,39.00,-1,-1,-1,-1
1465,1,0.00,474.00,43.00,49.00,-1,-1,-1,-1
1465,2,99.00,449.00,83.00,47.00,-1,-1,-1,-1
1465,3,0.00,563.00,190.00,80.00,-1,-1,-1,-1
1465,4,0.00,550.00,64.00,52.00,-1,-1,-1,-1
1465,5,36.00,530.00,103.00,52.00,-1,-1,-1,-1
1465,1006,269.00,411.00,24.00,39.00,-1,-1,-1,-1
1473,1,0.00,474.00,43.00,49.00,-1,-1,-1,-1
1473,2,99.00,449.00,83.00,47.00,-1,-1,-1,-1
1473,3,0.00,563.00,190.00,80.00,-1,-1,-1,-1
1473,4,0.00,550.00,64.00,52.00,-1,-1,-1,-1
1473,5,36.00,530.00,103.00,52.00,-1,-1,-1,-1
1473,1006,274.00,412.00,24.00,39.00,-1,-1,-1,-1
1481,1,0.00,474.00,43.00,49.00,-1,-1,-1,-1
1481,2,99.00,449.00,83.00,47.00,-1,-1,-1,-1
1481,3,0.00,563.00,190.00,80.00,-1,-1,-1,-1
1481,4,0.00,550.00,64.00,52.00,-1,-1,-1,-1
1481,5,36.00,530.00,103.00,52.00,-1,-1,-1,-1
1481,1006,278.00,412.00,24.00,40.00,-1,-1,-1,-1
1489,1,0.00,474.00,43.00,49.00,-1,-1,-1,-1
1489,2,99.00,449.00,83.00,47.00,-1,-1,-1,-1
1489,3,0.00,563.00,190.00,80.00,-1,-1,-1,-1
1489,4,0.00,550.00,64.00,52.00,-1,-1,-1,-1
1489,5,36.00,530.00,103.00,52.00,-1,-1,-1,-1
1489,1006,282.00,413.00,24.00,39.00,-1,-1,-1,-1
1497,1,0.00,474.00,43.00,49.00,-1,-1,-1,-1
1497,2,99.00,449.00,83.00,47.00,-1,-1,-1,-1
1497,3,0.00,563.00,190.00,80.00,-1,-1,-1,-1
1497,4,0.00,550.00,64.00,52.00,-1,-1,-1,-1
1497,5,36.00,530.00,103.00,52.00,-1,-1,-1,-1
1497,1006,285.00,414.00,26.00,39.00,-1,-1,-1,-1
1505,1,0.00,474.00,43.00,49.00,-1,-1,-1,-1
1505,2,99.00,449.00,83.00,47.00,-1,-1,-1,-1
1505,3,0.00,563.00,190.00,80.00,-1,-1,-1,-1
1505,4,0.00,550.00,64.00,52.00,-1,-1,-1,-1
1505,5,36.00,530.00,103.00,52.00,-1,-1,-1,-1
1505,1006,289.00,414.00,26.00,40.00,-1,-1,-1,-1
1513,1,0.00,474.00,43.00,49.00,-1,-1,-1,-1
1513,2,99.00,449.00,83.00,47.00,-1,-1,-1,-1
1513,3,0.00,563.00,190.00,80.00,-1,-1,-1,-1
1513,4,0.00,550.00,64.00,52.00,-1,-1,-1,-1
1513,5,36.00,530.00,103.00,52.00,-1,-1,-1,-1
1513,1006,293.00,415.00,26.00,40.00,-1,-1,-1,-1
1521,1,0.00,474.00,43.00,49.00,-1,-1,-1,-1
1521,2,99.00,449.00,83.00,47.00,-1,-1,-1,-1
1521,3,0.00,563.00,190.00,80.00,-1,-1,-1,-1
1521,4,0.00,550.00,64.00,52.00,-1,-1,-1,-1
1521,5,36.00,530.00,103.00,52.00,-1,-1,-1,-1
1521,1006,297.00,415.00,26.00,40.00,-1,-1,-1,-1
1529,1,0.00,474.00,43.00,49.00,-1,-1,-1,-1
1529,2,99.00,449.00,83.00,47.00,-1,-1,-1,-1
1529,3,0.00,563.00,190.00,80.00,-1,-1,-1,-1
1529,4,0.00,550.00,64.00,52.00,-1,-1,-1,-1
1529,5,36.00,530.00,103.00,52.00,-1,-1,-1,-1
1529,1006,302.00,416.00,26.00,40.00,-1,-1,-1,-1
1537,1,0.00,474.00,43.00,49.00,-1,-1,-1,-1
1537,2,99.00,449.00,83.00,47.00,-1,-1,-1,-1
1537,3,0.00,563.00,190.00,80.00,-1,-1,-1,-1
1537,4,0.00,550.00,64.00,52.00,-1,-1,-1,-1
1537,5,36.00,530.00,103.00,52.00,-1,-1,-1,-1
1537,1006,308.00,417.00,25.00,40.00,-1,-1,-1,-1
1545,1,0.00,474.00,43.00,49.00,-1,-1,-1,-1
1545,2,99.00,449.00,83.00,47.00,-1,-1,-1,-1
1545,3,0.00,563.00,190.00,80.00,-1,-1,-1,-1
1545,4,0.00,550.00,64.00,52.00,-1,-1,-1,-1
1545,5,36.00,530.00,103.00,52.00,-1,-1,-1,-1
1545,1006,313.00,417.00,24.00,41.00,-1,-1,-1,-1
1553,1,0.00,474.00,43.00,49.00,-1,-1,-1,-1
1553,2,99.00,449.00,83.00,47.00,-1,-1,-1,-1
1553,3,0.00,563.00,190.00,80.00,-1,-1,-1,-1
1553,4,0.00,550.00,64.00,52.00,-1,-1,-1,-1
1553,5,36.00,530.00,103.00,52.00,-1,-1,-1,-1
1553,1006,318.00,418.00,24.00,41.00,-1,-1,-1,-1
1561,1,0.00,474.00,43.00,49.00,-1,-1,-1,-1
1561,2,99.00,449.00,83.00,47.00,-1,-1,-1,-1
1561,3,0.00,563.00,190.00,80.00,-1,-1,-1,-1
1561,4,0.00,550.00,64.00,52.00,-1,-1,-1,-1
1561,5,36.00,530.00,103.00,52.00,-1,-1,-1,-1
1561,1006,324.00,419.00,23.00,41.00,-1,-1,-1,-1
1569,1,0.00,474.00,43.00,49.00,-1,-1,-1,-1
1569,2,99.00,449.00,83.00,47.00,-1,-1,-1,-1
1569,3,0.00,563.00,190.00,80.00,-1,-1,-1,-1
1569,4,0.00,550.00,64.00,52.00,-1,-1,-1,-1
1569,5,36.00,530.00,103.00,52.00,-1,-1,-1,-1
1569,1006,329.00,419.00,23.00,42.00,-1,-1,-1,-1
1577,1,0.00,474.00,43.00,49.00,-1,-1,-1,-1
1577,2,99.00,449.00,83.00,47.00,-1,-1,-1,-1
1577,3,0.00,563.00,190.00,80.00,-1,-1,-1,-1
1577,4,0.00,550.00,64.00,52.00,-1,-1,-1,-1
1577,5,36.00,530.00,103.00,52.00,-1,-1,-1,-1
1577,1006,335.00,420.00,22.00,42.00,-1,-1,-1,-1
1585,1,0.00,474.00,43.00,49.00,-1,-1,-1,-1
1585,2,99.00,449.00,83.00,47.00,-1,-1,-1,-1
1585,3,0.00,563.00,190.00,80.00,-1,-1,-1,-1
1585,4,0.00,550.00,64.00,52.00,-1,-1,-1,-1
1585,5,36.00,530.00,103.00,52.00,-1,-1,-1,-1
1585,1006,340.00,421.00,23.00,43.00,-1,-1,-1,-1
1593,1,0.00,474.00,43.00,49.00,-1,-1,-1,-1
1593,2,99.00,449.00,83.00,47.00,-1,-1,-1,-1
1593,3,0.00,563.00,190.00,80.00,-1,-1,-1,-1
1593,4,0.00,550.00,64.00,52.00,-1,-1,-1,-1
1593,5,36.00,530.00,103.00,52.00,-1,-1,-1,-1
1593,1006,346.00,422.00,22.00,43.00,-1,-1,-1,-1
1601,1,0.00,474.00,43.00,49.00,-1,-1,-1,-1
1601,2,99.00,449.00,83.00,47.00,-1,-1,-1,-1
1601,3,0.00,563.00,190.00,80.00,-1,-1,-1,-1
1601,4,0.00,550.00,64.00,52.00,-1,-1,-1,-1
1601,5,36.00,530.00,103.00,52.00,-1,-1,-1,-1
1601,1006,352.00,423.00,22.00,43.00,-1,-1,-1,-1
1609,1,0.00,474.00,43.00,49.00,-1,-1,-1,-1
1609,2,99.00,449.00,83.00,47.00,-1,-1,-1,-1
1609,3,0.00,563.00,190.00,80.00,-1,-1,-1,-1
1609,4,0.00,550.00,64.00,52.00,-1,-1,-1,-1
1609,5,36.00,530.00,103.00,52.00,-1,-1,-1,-1
1609,1006,358.00,424.00,22.00,43.00,-1,-1,-1,-1
1617,1,0.00,474.00,43.00,49.00,-1,-1,-1,-1
1617,2,99.00,449.00,83.00,47.00,-1,-1,-1,-1
1617,3,0.00,563.00,190.00,80.00,-1,-1,-1,-1
1617,4,0.00,550.00,64.00,52.00,-1,-1,-1,-1
1617,5,36.00,530.00,103.00,52.00,-1,-1,-1,-1
1617,1006,364.00,426.00,23.00,42.00,-1,-1,-1,-1
1625,1,0.00,474.00,43.00,49.00,-1,-1,-1,-1
1625,2,99.00,449.00,83.00,47.00,-1,-1,-1,-1
1625,3,0.00,563.00,190.00,80.00,-1,-1,-1,-1
1625,4,0.00,550.00,64.00,52.00,-1,-1,-1,-1
1625,5,36.00,530.00,103.00,52.00,-1,-1,-1,-1
1625,1006,370.00,427.00,23.00,42.00,-1,-1,-1,-1
1633,1,0.00,474.00,43.00,49.00,-1,-1,-1,-1
1633,2,99.00,449.00,83.00,47.00,-1,-1,-1,-1
1633,3,0.00,563.00,190.00,80.00,-1,-1,-1,-1
1633,4,0.00,550.00,64.00,52.00,-1,-1,-1,-1
1633,5,36.00,530.00,103.00,52.00,-1,-1,-1,-1
1633,1006,376.00,428.00,23.00,42.00,-1,-1,-1,-1
1641,1,0.00,474.00,43.00,49.00,-1,-1,-1,-1
1641,2,99.00,449.00,83.00,47.00,-1,-1,-1,-1
1641,3,0.00,563.00,190.00,80.00,-1,-1,-1,-1
1641,4,0.00,550.00,64.00,52.00,-1,-1,-1,-1
1641,5,36.00,530.00,103.00,52.00,-1,-1,-1,-1
1641,1006,381.00,429.00,24.00,42.00,-1,-1,-1,-1
1649,1,0.00,474.00,43.00,49.00,-1,-1,-1,-1
1649,2,99.00,449.00,83.00,47.00,-1,-1,-1,-1
1649,3,0.00,563.00,190.00,80.00,-1,-1,-1,-1
1649,4,0.00,550.00,64.00,52.00,-1,-1,-1,-1
1649,5,36.00,530.00,103.00,52.00,-1,-1,-1,-1
1649,1006,387.00,431.00,24.00,41.00,-1,-1,-1,-1
1657,1,0.00,474.00,43.00,49.00,-1,-1,-1,-1
1657,2,99.00,449.00,83.00,47.00,-1,-1,-1,-1
1657,3,0.00,563.00,190.00,80.00,-1,-1,-1,-1
1657,4,0.00,550.00,64.00,52.00,-1,-1,-1,-1
1657,5,36.00,530.00,103.00,52.00,-1,-1,-1,-1
1657,1006,393.00,432.00,24.00,41.00,-1,-1,-1,-1
1665,1,0.00,474.00,43.00,49.00,-1,-1,-1,-1
1665,2,99.00,449.00,83.00,47.00,-1,-1,-1,-1
1665,3,0.00,563.00,190.00,80.00,-1,-1,-1,-1
1665,4,0.00,550.00,64.00,52.00,-1,-1,-1,-1
1665,5,36.00,530.00,103.00,52.00,-1,-1,-1,-1
1665,1006,399.00,433.00,24.00,41.00,-1,-1,-1,-1
1673,1,0.00,474.00,43.00,49.00,-1,-1,-1,-1
1673,2,99.00,449.00,83.00,47.00,-1,-1,-1,-1
1673,3,0.00,563.00,190.00,80.00,-1,-1,-1,-1
1673,4,0.00,550.00,64.00,52.00,-1,-1,-1,-1
1673,5,36.00,530.00,103.00,52.00,-1,-1,-1,-1
1673,1006,405.00,435.00,24.00,41.00,-1,-1,-1,-1
1681,1,0.00,474.00,43.00,49.00,-1,-1,-1,-1
1681,2,99.00,449.00,83.00,47.00,-1,-1,-1,-1
1681,3,0.00,563.00,190.00,80.00,-1,-1,-1,-1
1681,4,0.00,550.00,64.00,52.00,-1,-1,-1,-1
1681,5,36.00,530.00,103.00,52.00,-1,-1,-1,-1
1681,1006,411.00,436.00,24.00,41.00,-1,-1,-1,-1
1689,1,0.00,474.00,43.00,49.00,-1,-1,-1,-1
1689,2,99.00,449.00,83.00,47.00,-1,-1,-1,-1
1689,3,0.00,563.00,190.00,80.00,-1,-1,-1,-1
1689,4,0.00,550.00,64.00,52.00,-1,-1,-1,-1
1689,5,36.00,530.00,103.00,52.00,-1,-1,-1,-1
1689,1006,417.00,437.00,24.00,42.00,-1,-1,-1,-1
1697,1,0.00,474.00,43.00,49.00,-1,-1,-1,-1
1697,2,99.00,449.00,83.00,47.00,-1,-1,-1,-1
1697,3,0.00,563.00,190.00,80.00,-1,-1,-1,-1
1697,4,0.00,550.00,64.00,52.00,-1,-1,-1,-1
1697,5,36.00,530.00,103.00,52.00,-1,-1,-1,-1
1697,1006,423.00,439.00,24.00,42.00,-1,-1,-1,-1
1705,1,0.00,474.00,43.00,49.00,-1,-1,-1,-1
1705,2,99.00,449.00,83.00,47.00,-1,-1,-1,-1
1705,3,0.00,563.00,190.00,80.00,-1,-1,-1,-1
1705,4,0.00,550.00,64.00,52.00,-1,-1,-1,-1
1705,5,36.00,530.00,103.00,52.00,-1,-1,-1,-1
1705,1006,429.00,440.00,24.00,42.00,-1,-1,-1,-1
1713,1,0.00,474.00,43.00,49.00,-1,-1,-1,-1
1713,2,99.00,449.00,83.00,47.00,-1,-1,-1,-1
1713,3,0.00,563.00,190.00,80.00,-1,-1,-1,-1
1713,4,0.00,550.00,64.00,52.00,-1,-1,-1,-1
1713,5,36.00,530.00,103.00,52.00,-1,-1,-1,-1
1713,1006,435.00,442.00,24.00,42.00,-1,-1,-1,-1
1721,1,0.00,474.00,43.00,49.00,-1,-1,-1,-1
1721,2,99.00,449.00,83.00,47.00,-1,-1,-1,-1
1721,3,0.00,563.00,190.00,80.00,-1,-1,-1,-1
1721,4,0.00,550.00,64.00,52.00,-1,-1,-1,-1
1721,5,36.00,530.00,103.00,52.00,-1,-1,-1,-1
1721,1006,441.00,443.00,23.00,43.00,-1,-1,-1,-1
1729,1,0.00,474.00,43.00,49.00,-1,-1,-1,-1
1729,2,99.00,449.00,83.00,47.00,-1,-1,-1,-1
1729,3,0.00,563.00,190.00,80.00,-1,-1,-1,-1
1729,4,0.00,550.00,64.00,52.00,-1,-1,-1,-1
1729,5,36.00,530.00,103.00,52.00,-1,-1,-1,-1
1729,1006,447.00,445.00,23.00,42.00,-1,-1,-1,-1
1737,1,0.00,474.00,43.00,49.00,-1,-1,-1,-1
1737,2,99.00,449.00,83.00,47.00,-1,-1,-1,-1
1737,3,0.00,563.00,190.00,80.00,-1,-1,-1,-1
1737,4,0.00,550.00,64.00,52.00,-1,-1,-1,-1
1737,5,36.00,530.00,103.00,52.00,-1,-1,-1,-1
1737,1006,453.00,446.00,23.00,43.00,-1,-1,-1,-1
1745,1,0.00,474.00,43.00,49.00,-1,-1,-1,-1
1745,2,99.00,449.00,83.00,47.00,-1,-1,-1,-1
1745,3,0.00,563.00,190.00,80.00,-1,-1,-1,-1
1745,4,0.00,550.00,64.00,52.00,-1,-1,-1,-1
1745,5,36.00,530.00,103.00,52.00,-1,-1,-1,-1
1745,1006,458.00,448.00,23.00,43.00,-1,-1,-1,-1
1753,1,0.00,474.00,43.00,49.00,-1,-1,-1,-1
1753,2,99.00,449.00,83.00,47.00,-1,-1,-1,-1
1753,3,0.00,563.00,190.00,80.00,-1,-1,-1,-1
1753,4,0.00,550.00,64.00,52.00,-1,-1,-1,-1
1753,5,36.00,530.00,103.00,52.00,-1,-1,-1,-1
1753,1006,462.00,450.00,24.00,43.00,-1,-1,-1,-1
1761,1,0.00,474.00,43.00,49.00,-1,-1,-1,-1
1761,2,99.00,449.00,83.00,47.00,-1,-1,-1,-1
1761,3,0.00,563.00,190.00,80.00,-1,-1,-1,-1
1761,4,0.00,550.00,64.00,52.00,-1,-1,-1,-1
1761,5,36.00,530.00,103.00,52.00,-1,-1,-1,-1
1761,1006,466.00,452.00,24.00,44.00,-1,-1,-1,-1
1769,1,0.00,474.00,43.00,49.00,-1,-1,-1,-1
1769,2,99.00,449.00,83.00,47.00,-1,-1,-1,-1
1769,3,0.00,563.00,190.00,80.00,-1,-1,-1,-1
1769,4,0.00,550.00,64.00,52.00,-1,-1,-1,-1
1769,5,36.00,530.00,103.00,52.00,-1,-1,-1,-1
1769,1006,470.00,453.00,24.00,45.00,-1,-1,-1,-1
1777,1,0.00,474.00,43.00,49.00,-1,-1,-1,-1
1777,2,99.00,449.00,83.00,47.00,-1,-1,-1,-1
1777,3,0.00,563.00,190.00,80.00,-1,-1,-1,-1
1777,4,0.00,550.00,64.00,52.00,-1,-1,-1,-1
1777,5,36.00,530.00,103.00,52.00,-1,-1,-1,-1
1777,1006,474.00,455.00,25.00,45.00,-1,-1,-1,-1
1785,1,0.00,474.00,43.00,49.00,-1,-1,-1,-1
1785,2,99.00,449.00,83.00,47.00,-1,-1,-1,-1
1785,3,0.00,563.00,190.00,80.00,-1,-1,-1,-1
1785,4,0.00,550.00,64.00,52.00,-1,-1,-1,-1
1785,5,36.00,530.00,103.00,52.00,-1,-1,-1,-1
1785,1006,476.00,457.00,25.00,45.00,-1,-1,-1,-1
1793,1,0.00,474.00,43.00,49.00,-1,-1,-1,-1
1793,2,99.00,449.00,83.00,47.00,-1,-1,-1,-1
1793,3,0.00,563.00,190.00,80.00,-1,-1,-1,-1
1793,4,0.00,550.00,64.00,52.00,-1,-1,-1,-1
1793,5,36.00,530.00,103.00,52.00,-1,-1,-1,-1
1793,1006,476.00,459.00,25.00,46.00,-1,-1,-1,-1
1801,1,0.00,474.00,43.00,49.00,-1,-1,-1,-1
1801,2,99.00,448.00,83.00,48.00,-1,-1,-1,-1
1801,3,0.00,563.00,190.00,80.00,-1,-1,-1,-1
1801,4,0.00,550.00,64.00,52.00,-1,-1,-1,-1
1801,5,36.00,530.00,103.00,52.00,-1,-1,-1,-1
1801,1006,476.00,461.00,25.00,46.00,-1,-1,-1,-1
1809,1,0.00,474.00,43.00,49.00,-1,-1,-1,-1
1809,2,99.00,448.00,83.00,48.00,-1,-1,-1,-1
1809,3,0.00,563.00,190.00,80.00,-1,-1,-1,-1
1809,4,0.00,550.00,64.00,52.00,-1,-1,-1,-1
1809,5,36.00,530.00,103.00,52.00,-1,-1,-1,-1
1809,1006,476.00,463.00,25.00,46.00,-1,-1,-1,-1
1817,1,0.00,474.00,43.00,49.00,-1,-1,-1,-1
1817,2,99.00,448.00,83.00,48.00,-1,-1,-1,-1
1817,3,0.00,563.00,190.00,80.00,-1,-1,-1,-1
1817,4,0.00,550.00,64.00,52.00,-1,-1,-1,-1
1817,5,36.00,530.00,103.00,52.00,-1,-1,-1,-1
1817,1006,476.00,465.00,25.00,47.00,-1,-1,-1,-1
1825,1,0.00,474.00,43.00,49.00,-1,-1,-1,-1
1825,2,99.00,448.00,83.00,48.00,-1,-1,-1,-1
1825,3,0.00,563.00,190.00,80.00,-1,-1,-1,-1
1825,4,0.00,550.00,64.00,52.00,-1,-1,-1,-1
1825,5,36.00,530.00,103.00,52.00,-1,-1,-1,-1
1825,1006,473.00,467.00,25.00,47.00,-1,-1,-1,-1
1833,1,0.00,474.00,43.00,49.00,-1,-1,-1,-1
1833,2,99.00,448.00,83.00,48.00,-1,-1,-1,-1
1833,3,0.00,563.00,190.00,80.00,-1,-1,-1,-1
1833,4,0.00,550.00,64.00,52.00,-1,-1,-1,-1
1833,5,36.00,530.00,103.00,52.00,-1,-1,-1,-1
1833,1006,470.00,469.00,25.00,48.00,-1,-1,-1,-1
1841,1,0.00,474.00,43.00,49.00,-1,-1,-1,-1
1841,2,99.00,448.00,83.00,48.00,-1,-1,-1,-1
1841,3,0.00,563.00,190.00,80.00,-1,-1,-1,-1
1841,4,0.00,550.00,64.00,52.00,-1,-1,-1,-1
1841,5,36.00,530.00,103.00,52.00,-1,-1,-1,-1
1841,1006,466.00,472.00,25.00,47.00,-1,-1,-1,-1
1849,1,0.00,474.00,43.00,49.00,-1,-1,-1,-1
1849,2,99.00,448.00,83.00,48.00,-1,-1,-1,-1
1849,3,0.00,563.00,190.00,80.00,-1,-1,-1,-1
1849,4,0.00,550.00,64.00,52.00,-1,-1,-1,-1
1849,5,36.00,530.00,103.00,52.00,-1,-1,-1,-1
1849,1006,463.00,474.00,25.00,48.00,-1,-1,-1,-1
1857,1,0.00,474.00,43.00,49.00,-1,-1,-1,-1
1857,2,99.00,448.00,83.00,48.00,-1,-1,-1,-1
1857,3,0.00,563.00,190.00,80.00,-1,-1,-1,-1
1857,4,0.00,550.00,64.00,52.00,-1,-1,-1,-1
1857,5,36.00,530.00,103.00,52.00,-1,-1,-1,-1
1857,1006,459.00,477.00,25.00,47.00,-1,-1,-1,-1
1865,1,0.00,474.00,43.00,49.00,-1,-1,-1,-1
1865,2,99.00,448.00,83.00,48.00,-1,-1,-1,-1
1865,3,0.00,563.00,190.00,80.00,-1,-1,-1,-1
1865,4,0.00,550.00,64.00,52.00,-1,-1,-1,-1
1865,5,36.00,530.00,103.00,52.00,-1,-1,-1,-1
1865,1006,455.00,479.00,25.00,48.00,-1,-1,-1,-1
1873,1,0.00,474.00,43.00,49.00,-1,-1,-1,-1
1873,2,99.00,448.00,83.00,48.00,-1,-1,-1,-1
1873,3,0.00,563.00,190.00,80.00,-1,-1,-1,-1
1873,4,0.00,550.00,64.00,52.00,-1,-1,-1,-1
1873,5,36.00,530.00,103.00,52.00,-1,-1,-1,-1
1873,1006,450.00,481.00,25.00,49.00,-1,-1,-1,-1
1881,1,0.00,474.00,43.00,49.00,-1,-1,-1,-1
1881,2,99.00,448.00,83.00,48.00,-1,-1,-1,-1
1881,3,0.00,563.00,190.00,80.00,-1,-1,-1,-1
1881,4,0.00,550.00,64.00,52.00,-1,-1,-1,-1
1881,5,36.00,530.00,103.00,52.00,-1,-1,-1,-1
1881,1006,445.00,484.00,25.00,49.00,-1,-1,-1,-1
1889,1,0.00,474.00,43.00,49.00,-1,-1,-1,-1
1889,2,99.00,448.00,83.00,48.00,-1,-1,-1,-1
1889,3,0.00,563.00,190.00,80.00,-1,-1,-1,-1
1889,4,0.00,550.00,64.00,52.00,-1,-1,-1,-1
1889,5,36.00,530.00,103.00,52.00,-1,-1,-1,-1
1889,1006,439.00,487.00,25.00,50.00,-1,-1,-1,-1
1897,1,0.00,474.00,43.00,49.00,-1,-1,-1,-1
1897,2,99.00,448.00,83.00,48.00,-1,-1,-1,-1
1897,3,0.00,563.00,190.00,80.00,-1,-1,-1,-1
1897,4,0.00,550.00,64.00,52.00,-1,-1,-1,-1
1897,5,36.00,530.00,103.00,52.00,-1,-1,-1,-1
1897,1006,433.00,489.00,26.00,51.00,-1,-1,-1,-1
1905,1,0.00,474.00,43.00,49.00,-1,-1,-1,-1
1905,2,99.00,448.00,83.00,48.00,-1,-1,-1,-1
1905,3,0.00,563.00,190.00,80.00,-1,-1,-1,-1
1905,4,0.00,550.00,64.00,52.00,-1,-1,-1,-1
1905,5,36.00,530.00,103.00,52.00,-1,-1,-1,-1
1905,1006,428.00,492.00,25.00,51.00,-1,-1,-1,-1
1913,1,0.00,474.00,43.00,49.00,-1,-1,-1,-1
1913,2,99.00,448.00,83.00,48.00,-1,-1,-1,-1
1913,3,0.00,563.00,190.00,80.00,-1,-1,-1,-1
1913,4,0.00,550.00,64.00,52.00,-1,-1,-1,-1
1913,5,36.00,530.00,103.00,52.00,-1,-1,-1,-1
1913,1006,422.00,494.00,26.00,52.00,-1,-1,-1,-1
1921,1,0.00,474.00,43.00,49.00,-1,-1,-1,-1
1921,2,99.00,448.00,83.00,48.00,-1,-1,-1,-1
1921,3,0.00,563.00,190.00,80.00,-1,-1,-1,-1
1921,4,0.00,550.00,64.00,52.00,-1,-1,-1,-1
1921,5,36.00,530.00,103.00,52.00,-1,-1,-1,-1
1921,1006,416.00,497.00,26.00,53.00,-1,-1,-1,-1
1929,1,0.00,474.00,43.00,49.00,-1,-1,-1,-1
1929,2,99.00,448.00,83.00,48.00,-1,-1,-1,-1
1929,3,0.00,563.00,190.00,80.00,-1,-1,-1,-1
1929,4,0.00,550.00,64.00,52.00,-1,-1,-1,-1
1929,5,36.00,530.00,103.00,52.00,-1,-1,-1,-1
1929,1006,411.00,500.00,26.00,53.00,-1,-1,-1,-1
1937,1,0.00,474.00,43.00,49.00,-1,-1,-1,-1
1937,2,99.00,448.00,83.00,48.00,-1,-1,-1,-1
1937,3,0.00,563.00,190.00,80.00,-1,-1,-1,-1
1937,4,0.00,550.00,64.00,52.00,-1,-1,-1,-1
1937,5,36.00,530.00,103.00,52.00,-1,-1,-1,-1
1937,1006,405.00,502.00,26.00,54.00,-1,-1,-1,-1
1945,1,0.00,474.00,43.00,49.00,-1,-1,-1,-1
1945,2,99.00,448.00,83.00,48.00,-1,-1,-1,-1
1945,3,0.00,563.00,190.00,80.00,-1,-1,-1,-1
1945,4,0.00,550.00,64.00,52.00,-1,-1,-1,-1
1945,5,36.00,530.00,103.00,52.00,-1,-1,-1,-1
1945,1006,398.00,505.00,26.00,55.00,-1,-1,-1,-1
1953,1,0.00,474.00,43.00,49.00,-1,-1,-1,-1
1953,2,99.00,448.00,83.00,48.00,-1,-1,-1,-1
1953,3,0.00,563.00,190.00,80.00,-1,-1,-1,-1
1953,4,0.00,550.00,64.00,52.00,-1,-1,-1,-1
1953,5,36.00,530.00,103.00,52.00,-1,-1,-1,-1
1953,1006,391.00,507.00,26.00,56.00,-1,-1,-1,-1
1961,1,0.00,474.00,43.00,49.00,-1,-1,-1,-1
1961,2,99.00,448.00,83.00,48.00,-1,-1,-1,-1
1961,3,0.00,563.00,190.00,80.00,-1,-1,-1,-1
1961,4,0.00,550.00,64.00,52.00,-1,-1,-1,-1
1961,5,36.00,530.00,103.00,52.00,-1,-1,-1,-1
1961,1006,384.00,510.00,27.00,56.00,-1,-1,-1,-1
1969,1,0.00,474.00,43.00,49.00,-1,-1,-1,-1
1969,2,99.00,448.00,83.00,48.00,-1,-1,-1,-1
1969,3,0.00,563.00,190.00,80.00,-1,-1,-1,-1
1969,4,0.00,550.00,64.00,52.00,-1,-1,-1,-1
1969,5,36.00,530.00,103.00,52.00,-1,-1,-1,-1
1969,1006,377.00,513.00,27.00,56.00,-1,-1,-1,-1
1977,1,0.00,474.00,43.00,49.00,-1,-1,-1,-1
1977,2,99.00,448.00,83.00,48.00,-1,-1,-1,-1
1977,3,0.00,563.00,190.00,80.00,-1,-1,-1,-1
1977,4,0.00,550.00,64.00,52.00,-1,-1,-1,-1
1977,5,36.00,530.00,103.00,52.00,-1,-1,-1,-1
1977,1006,370.00,515.00,27.00,58.00,-1,-1,-1,-1
1985,1,0.00,474.00,43.00,49.00,-1,-1,-1,-1
1985,2,99.00,448.00,83.00,48.00,-1,-1,-1,-1
1985,3,0.00,563.00,190.00,80.00,-1,-1,-1,-1
1985,4,0.00,550.00,64.00,52.00,-1,-1,-1,-1
1985,5,36.00,530.00,103.00,52.00,-1,-1,-1,-1
1985,1006,363.00,518.00,28.00,58.00,-1,-1,-1,-1
1993,1,0.00,474.00,43.00,49.00,-1,-1,-1,-1
1993,2,99.00,448.00,83.00,48.00,-1,-1,-1,-1
1993,3,0.00,563.00,190.00,80.00,-1,-1,-1,-1
1993,4,0.00,550.00,64.00,52.00,-1,-1,-1,-1
1993,5,36.00,530.00,103.00,52.00,-1,-1,-1,-1
1993,1006,355.00,522.00,28.00,57.00,-1,-1,-1,-1
2001,1,0.00,474.00,43.00,49.00,-1,-1,-1,-1
2001,2,99.00,448.00,83.00,48.00,-1,-1,-1,-1
2001,3,0.00,563.00,190.00,80.00,-1,-1,-1,-1
2001,4,0.00,550.00,64.00,52.00,-1,-1,-1,-1
2001,5,36.00,530.00,103.00,52.00,-1,-1,-1,-1
2001,1006,347.00,525.00,29.00,57.00,-1,-1,-1,-1
2009,1,0.00,474.00,43.00,49.00,-1,-1,-1,-1
2009,2,99.00,448.00,83.00,48.00,-1,-1,-1,-1
2009,3,0.00,563.00,190.00,80.00,-1,-1,-1,-1
2009,4,0.00,550.00,64.00,52.00,-1,-1,-1,-1
2009,5,36.00,530.00,103.00,52.00,-1,-1,-1,-1
2009,1006,340.00,529.00,29.00,57.00,-1,-1,-1,-1
2017,1,0.00,474.00,43.00,49.00,-1,-1,-1,-1
2017,2,99.00,448.00,83.00,48.00,-1,-1,-1,-1
2017,3,0.00,563.00,190.00,80.00,-1,-1,-1,-1
2017,4,0.00,550.00,64.00,52.00,-1,-1,-1,-1
2017,5,36.00,530.00,103.00,52.00,-1,-1,-1,-1
2017,1006,332.00,532.00,29.00,57.00,-1,-1,-1,-1
2025,1,0.00,474.00,43.00,49.00,-1,-1,-1,-1
2025,2,99.00,448.00,83.00,48.00,-1,-1,-1,-1
2025,3,0.00,563.00,190.00,80.00,-1,-1,-1,-1
2025,4,0.00,550.00,64.00,52.00,-1,-1,-1,-1
2025,5,36.00,530.00,103.00,52.00,-1,-1,-1,-1
2025,1006,324.00,536.00,30.00,56.00,-1,-1,-1,-1
2033,1,0.00,474.00,43.00,49.00,-1,-1,-1,-1
2033,2,99.00,448.00,83.00,48.00,-1,-1,-1,-1
2033,3,0.00,563.00,190.00,80.00,-1,-1,-1,-1
2033,4,0.00,550.00,64.00,52.00,-1,-1,-1,-1
2033,5,36.00,530.00,103.00,52.00,-1,-1,-1,-1
2033,1006,317.00,539.00,30.00,57.00,-1,-1,-1,-1
2041,1,0.00,474.00,43.00,49.00,-1,-1,-1,-1
2041,2,99.00,448.00,83.00,48.00,-1,-1,-1,-1
2041,3,0.00,563.00,190.00,80.00,-1,-1,-1,-1
2041,4,0.00,550.00,64.00,52.00,-1,-1,-1,-1
2041,5,36.00,530.00,103.00,52.00,-1,-1,-1,-1
2041,1006,311.00,543.00,30.00,57.00,-1,-1,-1,-1
2049,1,0.00,474.00,43.00,49.00,-1,-1,-1,-1
2049,2,99.00,448.00,83.00,48.00,-1,-1,-1,-1
2049,3,0.00,563.00,190.00,80.00,-1,-1,-1,-1
2049,4,0.00,550.00,64.00,52.00,-1,-1,-1,-1
2049,5,36.00,530.00,103.00,52.00,-1,-1,-1,-1
2049,1006,304.00,547.00,31.00,58.00,-1,-1,-1,-1
2057,1,0.00,474.00,43.00,49.00,-1,-1,-1,-1
2057,2,99.00,448.00,83.00,48.00,-1,-1,-1,-1
2057,3,0.00,563.00,190.00,80.00,-1,-1,-1,-1
2057,4,0.00,550.00,64.00,52.00,-1,-1,-1,-1
2057,5,36.00,530.00,103.00,52.00,-1,-1,-1,-1
2057,1006,297.00,550.00,32.00,60.00,-1,-1,-1,-1
2065,1,0.00,474.00,43.00,49.00,-1,-1,-1,-1
2065,2,99.00,448.00,83.00,48.00,-1,-1,-1,-1
2065,3,0.00,563.00,190.00,80.00,-1,-1,-1,-1
2065,4,0.00,550.00,64.00,52.00,-1,-1,-1,-1
2065,5,36.00,530.00,103.00,52.00,-1,-1,-1,-1
2065,1006,291.00,554.00,31.00,60.00,-1,-1,-1,-1
2073,1,0.00,474.00,43.00,49.00,-1,-1,-1,-1
2073,2,99.00,448.00,83.00,48.00,-1,-1,-1,-1
2073,3,0.00,563.00,190.00,80.00,-1,-1,-1,-1
2073,4,0.00,550.00,64.00,52.00,-1,-1,-1,-1
2073,5,36.00,530.00,103.00,52.00,-1,-1,-1,-1
2073,1006,284.00,557.00,32.00,62.00,-1,-1,-1,-1
2081,1,0.00,474.00,43.00,49.00,-1,-1,-1,-1
2081,2,99.00,448.00,83.00,48.00,-1,-1,-1,-1
2081,3,0.00,563.00,190.00,80.00,-1,-1,-1,-1
2081,4,0.00,550.00,64.00,52.00,-1,-1,-1,-1
2081,5,36.00,530.00,103.00,52.00,-1,-1,-1,-1
2081,1006,276.00,561.00,32.00,62.00,-1,-1,-1,-1
2089,1,0.00,474.00,43.00,49.00,-1,-1,-1,-1
2089,2,99.00,448.00,83.00,48.00,-1,-1,-1,-1
2089,3,0.00,563.00,190.00,80.00,-1,-1,-1,-1
2089,4,0.00,550.00,64.00,52.00,-1,-1,-1,-1
2089,5,36.00,530.00,103.00,52.00,-1,-1,-1,-1
2089,1006,268.00,565.00,33.00,62.00,-1,-1,-1,-1
2097,1,0.00,474.00,43.00,49.00,-1,-1,-1,-1
2097,2,99.00,448.00,83.00,48.00,-1,-1,-1,-1
2097,3,0.00,563.00,190.00,80.00,-1,-1,-1,-1
2097,4,0.00,550.00,64.00,52.00,-1,-1,-1,-1
2097,5,36.00,530.00,103.00,52.00,-1,-1,-1,-1
2097,1006,260.00,569.00,33.00,62.00,-1,-1,-1,-1
2105,1,0.00,474.00,43.00,49.00,-1,-1,-1,-1
2105,2,99.00,448.00,83.00,48.00,-1,-1,-1,-1
2105,3,0.00,563.00,190.00,80.00,-1,-1,-1,-1
2105,4,0.00,550.00,64.00,52.00,-1,-1,-1,-1
2105,5,36.00,530.00,103.00,52.00,-1,-1,-1,-1
2105,1006,253.00,573.00,33.00,62.00,-1,-1,-1,-1
2113,1,0.00,474.00,43.00,49.00,-1,-1,-1,-1
2113,2,99.00,448.00,83.00,48.00,-1,-1,-1,-1
2113,3,0.00,563.00,190.00,80.00,-1,-1,-1,-1
2113,4,0.00,550.00,64.00,52.00,-1,-1,-1,-1
2113,5,36.00,530.00,103.00,52.00,-1,-1,-1,-1
2113,1006,245.00,576.00,33.00,64.00,-1,-1,-1,-1
2121,1,0.00,474.00,43.00,49.00,-1,-1,-1,-1
2121,2,99.00,448.00,83.00,48.00,-1,-1,-1,-1
2121,3,0.00,563.00,190.00,80.00,-1,-1,-1,-1
2121,4,0.00,550.00,64.00,52.00,-1,-1,-1,-1
2121,5,36.00,530.00,103.00,52.00,-1,-1,-1,-1
2121,1006,237.00,580.00,34.00,64.00,-1,-1,-1,-1
2129,1,0.00,474.00,43.00,49.00,-1,-1,-1,-1
2129,2,99.00,448.00,83.00,48.00,-1,-1,-1,-1
2129,3,0.00,563.00,190.00,80.00,-1,-1,-1,-1
2129,4,0.00,550.00,64.00,52.00,-1,-1,-1,-1
2129,5,36.00,530.00,103.00,52.00,-1,-1,-1,-1
2129,1006,230.00,584.00,33.00,64.00,-1,-1,-1,-1
2137,1,0.00,474.00,43.00,49.00,-1,-1,-1,-1
2137,2,99.00,448.00,83.00,48.00,-1,-1,-1,-1
2137,3,0.00,563.00,190.00,80.00,-1,-1,-1,-1
2137,4,0.00,550.00,64.00,52.00,-1,-1,-1,-1
2137,5,36.00,530.00,103.00,52.00,-1,-1,-1,-1
2137,1006,222.00,588.00,34.00,64.00,-1,-1,-1,-1
2145,1,0.00,474.00,43.00,49.00,-1,-1,-1,-1
2145,2,99.00,448.00,83.00,48.00,-1,-1,-1,-1
2145,3,0.00,563.00,190.00,80.00,-1,-1,-1,-1
2145,4,0.00,550.00,64.00,52.00,-1,-1,-1,-1
2145,5,36.00,530.00,103.00,52.00,-1,-1,-1,-1
2145,1006,214.00,592.00,34.00,64.00,-1,-1,-1,-1
2153,1,0.00,474.00,43.00,49.00,-1,-1,-1,-1
2153,2,99.00,448.00,83.00,48.00,-1,-1,-1,-1
2153,3,0.00,563.00,190.00,80.00,-1,-1,-1,-1
2153,4,0.00,550.00,64.00,52.00,-1,-1,-1,-1
2153,5,36.00,530.00,103.00,52.00,-1,-1,-1,-1
2153,1006,206.00,595.00,35.00,66.00,-1,-1,-1,-1
2161,1,0.00,474.00,43.00,49.00,-1,-1,-1,-1
2161,2,99.00,448.00,83.00,48.00,-1,-1,-1,-1
2161,3,0.00,563.00,190.00,80.00,-1,-1,-1,-1
2161,4,0.00,550.00,64.00,52.00,-1,-1,-1,-1
2161,5,36.00,530.00,103.00,52.00,-1,-1,-1,-1
2161,1006,198.00,599.00,36.00,66.00,-1,-1,-1,-1
2169,1,0.00,474.00,43.00,49.00,-1,-1,-1,-1
2169,2,99.00,448.00,83.00,48.00,-1,-1,-1,-1
2169,3,0.00,563.00,190.00,80.00,-1,-1,-1,-1
2169,4,0.00,550.00,64.00,52.00,-1,-1,-1,-1
2169,5,36.00,530.00,103.00,52.00,-1,-1,-1,-1
2169,1006,189.00,603.00,37.00,67.00,-1,-1,-1,-1
2177,1,0.00,474.00,43.00,49.00,-1,-1,-1,-1
2177,2,99.00,448.00,83.00,48.00,-1,-1,-1,-1
2177,3,0.00,563.00,190.00,80.00,-1,-1,-1,-1
2177,4,0.00,550.00,64.00,52.00,-1,-1,-1,-1
2177,5,36.00,530.00,103.00,52.00,-1,-1,-1,-1
2177,1006,181.00,607.00,38.00,67.00,-1,-1,-1,-1
2185,1,0.00,474.00,43.00,49.00,-1,-1,-1,-1
2185,2,99.00,448.00,83.00,48.00,-1,-1,-1,-1
2185,3,0.00,563.00,190.00,80.00,-1,-1,-1,-1
2185,4,0.00,550.00,64.00,52.00,-1,-1,-1,-1
2185,5,36.00,530.00,103.00,52.00,-1,-1,-1,-1
2185,1006,172.00,610.00,40.00,69.00,-1,-1,-1,-1
2193,1,0.00,474.00,43.00,49.00,-1,-1,-1,-1
2193,2,99.00,448.00,83.00,48.00,-1,-1,-1,-1
2193,3,0.00,563.00,190.00,80.00,-1,-1,-1,-1
2193,4,0.00,550.00,64.00,52.00,-1,-1,-1,-1
2193,5,36.00,530.00,103.00,52.00,-1,-1,-1,-1
2193,1006,165.00,614.00,40.00,69.00,-1,-1,-1,-1
2201,1,0.00,474.00,43.00,49.00,-1,-1,-1,-1
2201,2,99.00,448.00,83.00,48.00,-1,-1,-1,-1
2201,3,0.00,563.00,190.00,80.00,-1,-1,-1,-1
2201,4,0.00,550.00,64.00,52.00,-1,-1,-1,-1
2201,5,36.00,530.00,103.00,52.00,-1,-1,-1,-1
2201,1006,160.00,618.00,37.00,70.00,-1,-1,-1,-1
2209,1,0.00,474.00,43.00,49.00,-1,-1,-1,-1
2209,2,99.00,448.00,83.00,48.00,-1,-1,-1,-1
2209,3,0.00,563.00,190.00,80.00,-1,-1,-1,-1
2209,4,0.00,550.00,64.00,52.00,-1,-1,-1,-1
2209,5,36.00,530.00,103.00,52.00,-1,-1,-1,-1
2209,1006,152.00,622.00,38.00,70.00,-1,-1,-1,-1
2217,1,0.00,474.00,43.00,49.00,-1,-1,-1,-1
2217,2,99.00,448.00,83.00,48.00,-1,-1,-1,-1
2217,3,0.00,563.00,190.00,80.00,-1,-1,-1,-1
2217,4,0.00,550.00,64.00,52.00,-1,-1,-1,-1
2217,5,36.00,530.00,103.00,52.00,-1,-1,-1,-1
2217,1006,144.00,626.00,39.00,71.00,-1,-1,-1,-1
2225,1,0.00,474.00,43.00,49.00,-1,-1,-1,-1
2225,2,99.00,448.00,83.00,48.00,-1,-1,-1,-1
2225,3,0.00,563.00,190.00,80.00,-1,-1,-1,-1
2225,4,0.00,550.00,64.00,52.00,-1,-1,-1,-1
2225,5,36.00,530.00,103.00,52.00,-1,-1,-1,-1
2225,1006,135.00,630.00,40.00,71.00,-1,-1,-1,-1
2233,1,0.00,474.00,43.00,49.00,-1,-1,-1,-1
2233,2,99.00,448.00,83.00,48.00,-1,-1,-1,-1
2233,3,0.00,563.00,190.00,80.00,-1,-1,-1,-1
2233,4,0.00,550.00,64.00,52.00,-1,-1,-1,-1
2233,5,36.00,530.00,103.00,52.00,-1,-1,-1,-1
2233,1006,127.00,634.00,41.00,71.00,-1,-1,-1,-1
2241,1,0.00,474.00,43.00,49.00,-1,-1,-1,-1
2241,2,99.00,448.00,83.00,48.00,-1,-1,-1,-1
2241,3,0.00,563.00,190.00,80.00,-1,-1,-1,-1
2241,4,0.00,550.00,64.00,52.00,-1,-1,-1,-1
2241,5,36.00,530.00,103.00,52.00,-1,-1,-1,-1
2241,1006,119.00,638.00,42.00,72.00,-1,-1,-1,-1
2249,1,0.00,474.00,43.00,49.00,-1,-1,-1,-1
2249,2,99.00,448.00,83.00,48.00,-1,-1,-1,-1
2249,3,0.00,563.00,190.00,80.00,-1,-1,-1,-1
2249,4,0.00,550.00,64.00,52.00,-1,-1,-1,-1
2249,5,36.00,530.00,103.00,52.00,-1,-1,-1,-1
2249,1006,110.00,642.00,43.00,72.00,-1,-1,-1,-1
2257,1,0.00,474.00,43.00,49.00,-1,-1,-1,-1
2257,2,99.00,448.00,83.00,48.00,-1,-1,-1,-1
2257,3,0.00,563.00,190.00,80.00,-1,-1,-1,-1
2257,4,0.00,550.00,64.00,52.00,-1,-1,-1,-1
2257,5,36.00,530.00,103.00,52.00,-1,-1,-1,-1
2257,1006,102.00,646.00,44.00,72.00,-1,-1,-1,-1
2265,1,0.00,474.00,43.00,49.00,-1,-1,-1,-1
2265,2,99.00,448.00,83.00,48.00,-1,-1,-1,-1
2265,3,0.00,563.00,190.00,80.00,-1,-1,-1,-1
2265,4,0.00,550.00,64.00,52.00,-1,-1,-1,-1
2265,5,36.00,530.00,103.00,52.00,-1,-1,-1,-1
2265,1006,93.00,649.00,45.00,74.00,-1,-1,-1,-1
2273,1,0.00,474.00,43.00,49.00,-1,-1,-1,-1
2273,2,99.00,448.00,83.00,48.00,-1,-1,-1,-1
2273,3,0.00,563.00,190.00,80.00,-1,-1,-1,-1
2273,4,0.00,550.00,64.00,52.00,-1,-1,-1,-1
2273,5,36.00,530.00,103.00,52.00,-1,-1,-1,-1
2273,1006,82.00,653.00,45.00,75.00,-1,-1,-1,-1
2281,1,0.00,474.00,43.00,49.00,-1,-1,-1,-1
2281,2,99.00,448.00,83.00,48.00,-1,-1,-1,-1
2281,3,0.00,563.00,190.00,80.00,-1,-1,-1,-1
2281,4,0.00,550.00,64.00,52.00,-1,-1,-1,-1
2281,5,36.00,530.00,103.00,52.00,-1,-1,-1,-1
2281,1006,72.00,657.00,45.00,76.00,-1,-1,-1,-1
2289,1,0.00,474.00,43.00,49.00,-1,-1,-1,-1
2289,2,99.00,448.00,83.00,48.00,-1,-1,-1,-1
2289,3,0.00,563.00,190.00,80.00,-1,-1,-1,-1
2289,4,0.00,550.00,64.00,52.00,-1,-1,-1,-1
2289,5,36.00,530.00,103.00,52.00,-1,-1,-1,-1
2289,1006,61.00,661.00,45.00,77.00,-1,-1,-1,-1
2297,1,0.00,474.00,43.00,49.00,-1,-1,-1,-1
2297,2,99.00,448.00,83.00,48.00,-1,-1,-1,-1
2297,3,0.00,563.00,190.00,80.00,-1,-1,-1,-1
2297,4,0.00,550.00,64.00,52.00,-1,-1,-1,-1
2297,5,36.00,530.00,103.00,52.00,-1,-1,-1,-1
2297,1006,50.00,665.00,45.00,78.00,-1,-1,-1,-1
2305,1,0.00,474.00,43.00,49.00,-1,-1,-1,-1
2305,2,99.00,448.00,83.00,48.00,-1,-1,-1,-1
2305,3,0.00,563.00,190.00,80.00,-1,-1,-1,-1
2305,4,0.00,550.00,64.00,52.00,-1,-1,-1,-1
2305,5,36.00,530.00,103.00,52.00,-1,-1,-1,-1
2305,1006,40.00,669.00,45.00,79.00,-1,-1,-1,-1
2313,1,0.00,474.00,43.00,49.00,-1,-1,-1,-1
2313,2,99.00,448.00,83.00,48.00,-1,-1,-1,-1
2313,3,0.00,563.00,190.00,80.00,-1,-1,-1,-1
2313,4,0.00,550.00,64.00,52.00,-1,-1,-1,-1
2313,5,36.00,530.00,103.00,52.00,-1,-1,-1,-1
2313,1006,23.00,674.00,47.00,79.00,-1,-1,-1,-1
2321,1,0.00,474.00,43.00,49.00,-1,-1,-1,-1
2321,2,99.00,448.00,83.00,48.00,-1,-1,-1,-1
2321,3,0.00,563.00,190.00,80.00,-1,-1,-1,-1
2321,4,0.00,550.00,64.00,52.00,-1,-1,-1,-1
2321,5,36.00,530.00,103.00,52.00,-1,-1,-1,-1
2321,1006,8.00,680.00,48.00,79.00,-1,-1,-1,-1
2329,1,0.00,474.00,43.00,49.00,-1,-1,-1,-1
2329,2,99.00,448.00,83.00,48.00,-1,-1,-1,-1
2329,3,0.00,563.00,190.00,80.00,-1,-1,-1,-1
2329,4,0.00,550.00,64.00,52.00,-1,-1,-1,-1
2329,5,36.00,530.00,103.00,52.00,-1,-1,-1,-1
2329,1006,0.00,685.00,42.00,80.00,-1,-1,-1,-1
2337,1,0.00,474.00,43.00,49.00,-1,-1,-1,-1
2337,2,99.00,448.00,83.00,48.00,-1,-1,-1,-1
2337,3,0.00,563.00,190.00,80.00,-1,-1,-1,-1
2337,4,0.00,550.00,64.00,52.00,-1,-1,-1,-1
2337,5,36.00,530.00,103.00,52.00,-1,-1,-1,-1
2337,1006,0.00,700.00,28.00,72.00,-1,-1,-1,-1
2345,1,0.00,474.00,43.00,49.00,-1,-1,-1,-1
2345,2,99.00,448.00,83.00,48.00,-1,-1,-1,-1
2345,3,0.00,563.00,190.00,80.00,-1,-1,-1,-1
2345,4,0.00,550.00,64.00,52.00,-1,-1,-1,-1
2345,5,36.00,530.00,103.00,52.00,-1,-1,-1,-1
2353,1,0.00,474.00,43.00,49.00,-1,-1,-1,-1
2353,2,99.00,448.00,83.00,48.00,-1,-1,-1,-1
2353,3,0.00,563.00,190.00,80.00,-1,-1,-1,-1
2353,4,0.00,550.00,64.00,52.00,-1,-1,-1,-1
2353,5,36.00,530.00,103.00,52.00,-1,-1,-1,-1
2361,1,0.00,474.00,43.00,49.00,-1,-1,-1,-1
2361,2,99.00,448.00,83.00,48.00,-1,-1,-1,-1
2361,3,0.00,563.00,190.00,80.00,-1,-1,-1,-1
2361,4,0.00,550.00,64.00,52.00,-1,-1,-1,-1
2361,5,36.00,530.00,103.00,52.00,-1,-1,-1,-1
2369,1,0.00,474.00,43.00,49.00,-1,-1,-1,-1
2369,2,99.00,448.00,83.00,48.00,-1,-1,-1,-1
2369,3,0.00,563.00,190.00,80.00,-1,-1,-1,-1
2369,4,0.00,550.00,64.00,52.00,-1,-1,-1,-1
2369,5,36.00,530.00,103.00,52.00,-1,-1,-1,-1
2377,1,0.00,474.00,43.00,49.00,-1,-1,-1,-1
2377,2,99.00,448.00,83.00,48.00,-1,-1,-1,-1
2377,3,0.00,563.00,190.00,80.00,-1,-1,-1,-1
2377,4,0.00,550.00,64.00,52.00,-1,-1,-1,-1
2377,5,36.00,530.00,103.00,52.00,-1,-1,-1,-1
2385,1,0.00,474.00,43.00,49.00,-1,-1,-1,-1
2385,2,99.00,448.00,83.00,48.00,-1,-1,-1,-1
2385,3,0.00,563.00,190.00,80.00,-1,-1,-1,-1
2385,4,0.00,550.00,64.00,52.00,-1,-1,-1,-1
2385,5,36.00,530.00,103.00,52.00,-1,-1,-1,-1
2393,1,0.00,474.00,43.00,49.00,-1,-1,-1,-1
2393,2,99.00,448.00,83.00,48.00,-1,-1,-1,-1
2393,3,0.00,563.00,190.00,80.00,-1,-1,-1,-1
2393,4,0.00,550.00,64.00,52.00,-1,-1,-1,-1
2393,5,36.00,530.00,103.00,52.00,-1,-1,-1,-1
2401,1,0.00,474.00,43.00,49.00,-1,-1,-1,-1
2401,2,99.00,448.00,83.00,48.00,-1,-1,-1,-1
2401,3,0.00,563.00,190.00,80.00,-1,-1,-1,-1
2401,4,0.00,550.00,64.00,52.00,-1,-1,-1,-1
2401,5,36.00,530.00,103.00,52.00,-1,-1,-1,-1
2409,1,0.00,474.00,43.00,49.00,-1,-1,-1,-1
2409,2,99.00,448.00,83.00,48.00,-1,-1,-1,-1
2409,3,0.00,563.00,190.00,80.00,-1,-1,-1,-1
2409,4,0.00,550.00,64.00,52.00,-1,-1,-1,-1
2409,5,36.00,530.00,103.00,52.00,-1,-1,-1,-1
2417,1,0.00,474.00,43.00,49.00,-1,-1,-1,-1
2417,2,99.00,448.00,83.00,48.00,-1,-1,-1,-1
2417,3,0.00,563.00,190.00,80.00,-1,-1,-1,-1
2417,4,0.00,550.00,64.00,52.00,-1,-1,-1,-1
2417,5,36.00,530.00,103.00,52.00,-1,-1,-1,-1
2425,1,0.00,474.00,43.00,49.00,-1,-1,-1,-1
2425,2,99.00,448.00,83.00,48.00,-1,-1,-1,-1
2425,3,0.00,563.00,190.00,80.00,-1,-1,-1,-1
2425,4,0.00,550.00,64.00,52.00,-1,-1,-1,-1
2425,5,36.00,530.00,103.00,52.00,-1,-1,-1,-1
2433,1,0.00,474.00,43.00,49.00,-1,-1,-1,-1
2433,2,99.00,448.00,83.00,48.00,-1,-1,-1,-1
2433,3,0.00,563.00,190.00,80.00,-1,-1,-1,-1
2433,4,0.00,550.00,64.00,52.00,-1,-1,-1,-1
2433,5,36.00,530.00,103.00,52.00,-1,-1,-1,-1
2441,1,0.00,474.00,43.00,49.00,-1,-1,-1,-1
2441,2,99.00,448.00,83.00,48.00,-1,-1,-1,-1
2441,3,0.00,563.00,190.00,80.00,-1,-1,-1,-1
2441,4,0.00,550.00,64.00,52.00,-1,-1,-1,-1
2441,5,36.00,530.00,103.00,52.00,-1,-1,-1,-1
2449,1,0.00,474.00,43.00,49.00,-1,-1,-1,-1
2449,2,99.00,448.00,83.00,48.00,-1,-1,-1,-1
2449,3,0.00,563.00,190.00,80.00,-1,-1,-1,-1
2449,4,0.00,550.00,64.00,52.00,-1,-1,-1,-1
2449,5,36.00,530.00,103.00,52.00,-1,-1,-1,-1
2457,1,0.00,474.00,43.00,49.00,-1,-1,-1,-1
2457,2,99.00,448.00,83.00,48.00,-1,-1,-1,-1
2457,3,0.00,563.00,190.00,80.00,-1,-1,-1,-1
2457,4,0.00,550.00,64.00,52.00,-1,-1,-1,-1
2457,5,36.00,530.00,103.00,52.00,-1,-1,-1,-1
2465,1,0.00,474.00,43.00,49.00,-1,-1,-1,-1
2465,2,99.00,448.00,83.00,48.00,-1,-1,-1,-1
2465,3,0.00,563.00,190.00,80.00,-1,-1,-1,-1
2465,4,0.00,550.00,64.00,52.00,-1,-1,-1,-1
2465,5,36.00,530.00,103.00,52.00,-1,-1,-1,-1
2473,1,0.00,474.00,43.00,49.00,-1,-1,-1,-1
2473,2,99.00,448.00,83.00,48.00,-1,-1,-1,-1
2473,3,0.00,563.00,190.00,80.00,-1,-1,-1,-1
2473,4,0.00,550.00,64.00,52.00,-1,-1,-1,-1
2473,5,36.00,530.00,103.00,52.00,-1,-1,-1,-1
2481,1,0.00,474.00,43.00,49.00,-1,-1,-1,-1
2481,2,99.00,448.00,83.00,48.00,-1,-1,-1,-1
2481,3,0.00,563.00,190.00,80.00,-1,-1,-1,-1
2481,4,0.00,550.00,64.00,52.00,-1,-1,-1,-1
2481,5,36.00,530.00,103.00,52.00,-1,-1,-1,-1
2489,1,0.00,474.00,43.00,49.00,-1,-1,-1,-1
2489,2,99.00,448.00,83.00,48.00,-1,-1,-1,-1
2489,3,0.00,563.00,190.00,80.00,-1,-1,-1,-1
2489,4,0.00,550.00,64.00,52.00,-1,-1,-1,-1
2489,5,36.00,530.00,103.00,52.00,-1,-1,-1,-1
2497,1,0.00,474.00,43.00,49.00,-1,-1,-1,-1
2497,2,99.00,448.00,83.00,48.00,-1,-1,-1,-1
2497,3,0.00,563.00,190.00,80.00,-1,-1,-1,-1
2497,4,0.00,550.00,64.00,52.00,-1,-1,-1,-1
2497,5,36.00,530.00,103.00,52.00,-1,-1,-1,-1
2505,1,0.00,474.00,43.00,49.00,-1,-1,-1,-1
2505,2,99.00,448.00,83.00,48.00,-1,-1,-1,-1
2505,3,0.00,563.00,190.00,80.00,-1,-1,-1,-1
2505,4,0.00,550.00,64.00,52.00,-1,-1,-1,-1
2505,5,36.00,530.00,103.00,52.00,-1,-1,-1,-1
2513,1,0.00,474.00,43.00,49.00,-1,-1,-1,-1
2513,2,99.00,448.00,83.00,48.00,-1,-1,-1,-1
2513,3,0.00,563.00,190.00,80.00,-1,-1,-1,-1
2513,4,0.00,550.00,64.00,52.00,-1,-1,-1,-1
2513,5,36.00,530.00,103.00,52.00,-1,-1,-1,-1
2521,1,0.00,474.00,43.00,49.00,-1,-1,-1,-1
2521,2,99.00,448.00,83.00,48.00,-1,-1,-1,-1
2521,3,0.00,563.00,190.00,80.00,-1,-1,-1,-1
2521,4,0.00,550.00,64.00,52.00,-1,-1,-1,-1
2521,5,36.00,530.00,103.00,52.00,-1,-1,-1,-1
2529,1,0.00,474.00,43.00,49.00,-1,-1,-1,-1
2529,2,99.00,448.00,83.00,48.00,-1,-1,-1,-1
2529,3,0.00,563.00,190.00,80.00,-1,-1,-1,-1
2529,4,0.00,550.00,64.00,52.00,-1,-1,-1,-1
2529,5,36.00,530.00,103.00,52.00,-1,-1,-1,-1
2537,1,0.00,474.00,43.00,49.00,-1,-1,-1,-1
2537,2,99.00,448.00,83.00,48.00,-1,-1,-1,-1
2537,3,0.00,563.00,190.00,80.00,-1,-1,-1,-1
2537,4,0.00,550.00,64.00,52.00,-1,-1,-1,-1
2537,5,36.00,530.00,103.00,52.00,-1,-1,-1,-1
2545,1,0.00,474.00,43.00,49.00,-1,-1,-1,-1
2545,2,99.00,448.00,83.00,48.00,-1,-1,-1,-1
2545,3,0.00,563.00,190.00,80.00,-1,-1,-1,-1
2545,4,0.00,550.00,64.00,52.00,-1,-1,-1,-1
2545,5,36.00,530.00,103.00,52.00,-1,-1,-1,-1
2553,1,0.00,474.00,43.00,49.00,-1,-1,-1,-1
2553,2,99.00,448.00,83.00,48.00,-1,-1,-1,-1
2553,3,0.00,563.00,190.00,80.00,-1,-1,-1,-1
2553,4,0.00,550.00,64.00,52.00,-1,-1,-1,-1
2553,5,36.00,530.00,103.00,52.00,-1,-1,-1,-1
2561,1,0.00,474.00,43.00,49.00,-1,-1,-1,-1
2561,2,99.00,448.00,83.00,48.00,-1,-1,-1,-1
2561,3,0.00,563.00,190.00,80.00,-1,-1,-1,-1
2561,4,0.00,550.00,64.00,52.00,-1,-1,-1,-1
2561,5,36.00,530.00,103.00,52.00,-1,-1,-1,-1
2569,1,0.00,474.00,43.00,49.00,-1,-1,-1,-1
2569,2,99.00,448.00,83.00,48.00,-1,-1,-1,-1
2569,3,0.00,563.00,190.00,80.00,-1,-1,-1,-1
2569,4,0.00,550.00,64.00,52.00,-1,-1,-1,-1
2569,5,36.00,530.00,103.00,52.00,-1,-1,-1,-1
2577,1,0.00,474.00,43.00,49.00,-1,-1,-1,-1
2577,2,99.00,448.00,83.00,48.00,-1,-1,-1,-1
2577,3,0.00,563.00,190.00,80.00,-1,-1,-1,-1
2577,4,0.00,550.00,64.00,52.00,-1,-1,-1,-1
2577,5,36.00,530.00,103.00,52.00,-1,-1,-1,-1
2585,1,0.00,474.00,43.00,49.00,-1,-1,-1,-1
2585,2,99.00,448.00,83.00,48.00,-1,-1,-1,-1
2585,3,0.00,563.00,190.00,80.00,-1,-1,-1,-1
2585,4,0.00,550.00,64.00,52.00,-1,-1,-1,-1
2585,5,36.00,530.00,103.00,52.00,-1,-1,-1,-1
2593,1,0.00,474.00,43.00,49.00,-1,-1,-1,-1
2593,2,99.00,448.00,83.00,48.00,-1,-1,-1,-1
2593,3,0.00,563.00,190.00,80.00,-1,-1,-1,-1
2593,4,0.00,550.00,64.00,52.00,-1,-1,-1,-1
2593,5,36.00,530.00,103.00,52.00,-1,-1,-1,-1
2601,1,0.00,474.00,43.00,49.00,-1,-1,-1,-1
2601,2,99.00,448.00,83.00,48.00,-1,-1,-1,-1
2601,3,0.00,563.00,190.00,80.00,-1,-1,-1,-1
2601,4,0.00,550.00,64.00,52.00,-1,-1,-1,-1
2601,5,36.00,530.00,103.00,52.00,-1,-1,-1,-1
2609,1,0.00,474.00,43.00,49.00,-1,-1,-1,-1
2609,2,99.00,448.00,83.00,48.00,-1,-1,-1,-1
2609,3,0.00,563.00,190.00,80.00,-1,-1,-1,-1
2609,4,0.00,550.00,64.00,52.00,-1,-1,-1,-1
2609,5,36.00,530.00,103.00,52.00,-1,-1,-1,-1
2617,1,0.00,474.00,43.00,49.00,-1,-1,-1,-1
2617,2,99.00,448.00,83.00,48.00,-1,-1,-1,-1
2617,3,0.00,563.00,190.00,80.00,-1,-1,-1,-1
2617,4,0.00,550.00,64.00,52.00,-1,-1,-1,-1
2617,5,36.00,530.00,103.00,52.00,-1,-1,-1,-1
2625,1,0.00,474.00,43.00,49.00,-1,-1,-1,-1
2625,2,99.00,448.00,83.00,48.00,-1,-1,-1,-1
2625,3,0.00,563.00,190.00,80.00,-1,-1,-1,-1
2625,4,0.00,550.00,64.00,52.00,-1,-1,-1,-1
2625,5,36.00,530.00,103.00,52.00,-1,-1,-1,-1
2633,1,0.00,474.00,43.00,49.00,-1,-1,-1,-1
2633,2,99.00,448.00,83.00,48.00,-1,-1,-1,-1
2633,3,0.00,563.00,190.00,80.00,-1,-1,-1,-1
2633,4,0.00,550.00,64.00,52.00,-1,-1,-1,-1
2633,5,36.00,530.00,103.00,52.00,-1,-1,-1,-1
2641,1,0.00,474.00,43.00,49.00,-1,-1,-1,-1
2641,2,99.00,448.00,83.00,48.00,-1,-1,-1,-1
2641,3,0.00,563.00,190.00,80.00,-1,-1,-1,-1
2641,4,0.00,550.00,64.00,52.00,-1,-1,-1,-1
2641,5,36.00,530.00,103.00,52.00,-1,-1,-1,-1
2649,1,0.00,474.00,43.00,49.00,-1,-1,-1,-1
2649,2,99.00,448.00,83.00,48.00,-1,-1,-1,-1
2649,3,0.00,563.00,190.00,80.00,-1,-1,-1,-1
2649,4,0.00,550.00,64.00,52.00,-1,-1,-1,-1
2649,5,36.00,530.00,103.00,52.00,-1,-1,-1,-1
2657,1,0.00,474.00,43.00,49.00,-1,-1,-1,-1
2657,2,99.00,448.00,83.00,48.00,-1,-1,-1,-1
2657,3,0.00,563.00,190.00,80.00,-1,-1,-1,-1
2657,4,0.00,550.00,64.00,52.00,-1,-1,-1,-1
2657,5,36.00,530.00,103.00,52.00,-1,-1,-1,-1
2665,1,0.00,474.00,43.00,49.00,-1,-1,-1,-1
2665,2,99.00,448.00,83.00,48.00,-1,-1,-1,-1
2665,3,0.00,563.00,190.00,80.00,-1,-1,-1,-1
2665,4,0.00,550.00,64.00,52.00,-1,-1,-1,-1
2665,5,36.00,530.00,103.00,52.00,-1,-1,-1,-1
2673,1,0.00,474.00,43.00,49.00,-1,-1,-1,-1
2673,2,99.00,448.00,83.00,48.00,-1,-1,-1,-1
2673,3,0.00,563.00,190.00,80.00,-1,-1,-1,-1
2673,4,0.00,550.00,64.00,52.00,-1,-1,-1,-1
2673,5,36.00,530.00,103.00,52.00,-1,-1,-1,-1
2681,1,0.00,474.00,43.00,49.00,-1,-1,-1,-1
2681,2,99.00,448.00,83.00,48.00,-1,-1,-1,-1
2681,3,0.00,563.00,190.00,80.00,-1,-1,-1,-1
2681,4,0.00,550.00,64.00,52.00,-1,-1,-1,-1
2681,5,36.00,530.00,103.00,52.00,-1,-1,-1,-1
2689,1,0.00,474.00,43.00,49.00,-1,-1,-1,-1
2689,2,99.00,448.00,83.00,48.00,-1,-1,-1,-1
2689,3,0.00,563.00,190.00,80.00,-1,-1,-1,-1
2689,4,0.00,550.00,64.00,52.00,-1,-1,-1,-1
2689,5,36.00,530.00,103.00,52.00,-1,-1,-1,-1
